   61  0.7 Mo  Pure-hydrogen grid                Wed Dec 16 08:30:30 2020
 Teff   log g  Mbol   F435W  F555W  F606W  F814W    Age
  1500. 8.194 20.378 21.532 19.299 19.230 21.319 1.539E+10
  1750. 8.194 19.709 20.989 18.821 18.595 19.964 1.483E+10
  2000. 8.194 19.129 20.543 18.460 18.106 18.826 1.436E+10
  2250. 8.194 18.617 20.148 18.148 17.705 17.919 1.395E+10
  2500. 8.194 18.159 19.818 17.900 17.399 17.210 1.356E+10
  2750. 8.193 17.745 19.504 17.676 17.149 16.617 1.319E+10
  3000. 8.193 17.367 19.199 17.459 16.929 16.150 1.281E+10
  3250. 8.193 17.019 18.890 17.244 16.728 15.790 1.244E+10
  3500. 8.193 16.696 18.564 17.021 16.530 15.522 1.203E+10
  3750. 8.193 16.396 18.224 16.784 16.324 15.311 1.159E+10
  4000. 8.192 16.115 17.860 16.534 16.108 15.126 1.107E+10
  4250. 8.192 15.850 17.474 16.271 15.879 14.947 1.051E+10
  4500. 8.191 15.600 17.065 15.988 15.632 14.761 9.887E+09
  4750. 8.190 15.363 16.648 15.694 15.373 14.567 9.109E+09
  5000. 8.189 15.136 16.243 15.401 15.112 14.372 8.114E+09
  5250. 8.186 14.918 15.866 15.123 14.863 14.185 6.619E+09
  5500. 8.183 14.709 15.520 14.866 14.632 14.011 5.102E+09
  6000. 8.179 14.320 14.938 14.429 14.239 13.714 3.616E+09
  6500. 8.176 13.965 14.479 14.073 13.916 13.471 2.721E+09
  7000. 8.174 13.638 14.101 13.768 13.637 13.259 2.073E+09
  7500. 8.172 13.334 13.777 13.495 13.387 13.065 1.712E+09
  8000. 8.170 13.049 13.492 13.247 13.156 12.885 1.440E+09
  8500. 8.168 12.781 13.234 13.017 12.942 12.716 1.224E+09
  9000. 8.166 12.528 12.998 12.802 12.742 12.559 1.050E+09
  9500. 8.164 12.288 12.780 12.600 12.553 12.411 9.092E+08
 10000. 8.163 12.061 12.579 12.412 12.379 12.276 7.931E+08
 10500. 8.161 11.845 12.397 12.241 12.221 12.155 6.967E+08
 11000. 8.159 11.638 12.239 12.096 12.086 12.053 6.158E+08
 11500. 8.157 11.440 12.106 11.974 11.974 11.969 5.470E+08
 12000. 8.155 11.251 11.990 11.871 11.879 11.899 4.881E+08
 12500. 8.154 11.070 11.901 11.793 11.807 11.846 4.371E+08
 13000. 8.152 10.895 11.826 11.729 11.748 11.803 3.924E+08
 13500. 8.150 10.727 11.751 11.666 11.690 11.760 3.531E+08
 14000. 8.149 10.565 11.672 11.601 11.629 11.713 3.183E+08
 14500. 8.147 10.409 11.592 11.536 11.567 11.663 2.873E+08
 15000. 8.146 10.258 11.513 11.472 11.506 11.614 2.596E+08
 15500. 8.144 10.112 11.437 11.411 11.447 11.565 2.348E+08
 16000. 8.143  9.970 11.364 11.352 11.390 11.517 2.124E+08
 16500. 8.141  9.832 11.294 11.296 11.335 11.470 1.920E+08
 17000. 8.139  9.699 11.227 11.241 11.281 11.424 1.736E+08
 20000. 8.130  8.969 10.865 10.939 10.987 11.166 9.325E+07
 25000. 8.113  7.958 10.352 10.499 10.557 10.781 2.769E+07
 30000. 8.096  7.125  9.875 10.081 10.146 10.404 9.950E+06
 35000. 8.080  6.414  9.499  9.743  9.811 10.086 5.454E+06
 40000. 8.063  5.793  9.251  9.514  9.584  9.868 3.574E+06
 45000. 8.046  5.238  9.061  9.336  9.407  9.697 2.554E+06
 50000. 8.028  4.735  8.900  9.184  9.255  9.550 1.916E+06
 55000. 8.010  4.275  8.756  9.047  9.119  9.417 1.489E+06
 60000. 7.990  3.849  8.623  8.919  8.991  9.292 1.180E+06
 65000. 7.970  3.450  8.495  8.795  8.868  9.172 9.472E+05
 70000. 7.948  3.074  8.370  8.675  8.748  9.054 7.664E+05
 75000. 7.925  2.716  8.248  8.555  8.629  8.936 6.217E+05
 80000. 7.900  2.374  8.125  8.436  8.510  8.818 5.049E+05
 85000. 7.874  2.044  8.001  8.314  8.389  8.699 4.078E+05
 90000. 7.844  1.723  7.873  8.189  8.264  8.575 3.253E+05
100000. 7.777  1.097  7.602  7.922  7.997  8.310 1.906E+05
110000. 7.690  0.466  7.290  7.613  7.689  8.004 0.000E+00
120000. 7.575 -0.200  6.909  7.235  7.311  7.628 0.000E+00
130000. 7.433 -0.903  6.463  6.792  6.868  7.186 0.000E+00
140000. 7.270 -1.631  5.969  6.300  6.377  6.697 0.000E+00
150000. 7.093 -2.374  5.440  5.773  5.850  6.172 0.000E+00
   72  0.7 Mo  Pure-helium grid                  Wed Dec 16 08:30:30 2020
 Teff   log g  Mbol   F435W  F555W  F606W  F814W    Age
  3250. 8.207 17.053 19.505 18.150 17.604 16.312 9.949E+09
  3500. 8.207 16.731 18.831 17.606 17.119 15.944 9.596E+09
  3750. 8.207 16.431 18.225 17.119 16.684 15.618 9.229E+09
  4000. 8.207 16.150 17.693 16.692 16.303 15.332 8.842E+09
  4250. 8.206 15.887 17.212 16.307 15.958 15.075 8.443E+09
  4500. 8.206 15.638 16.791 15.965 15.648 14.841 8.041E+09
  4750. 8.206 15.402 16.405 15.654 15.368 14.631 7.600E+09
  5000. 8.205 15.179 16.057 15.374 15.115 14.441 7.095E+09
  5250. 8.205 14.965 15.745 15.121 14.884 14.267 6.460E+09
  5500. 8.204 14.761 15.460 14.889 14.673 14.105 5.743E+09
  5750. 8.203 14.566 15.198 14.675 14.476 13.955 4.923E+09
  6000. 8.202 14.379 14.955 14.476 14.294 13.816 4.102E+09
  6250. 8.201 14.199 14.730 14.292 14.124 13.685 3.447E+09
  6500. 8.200 14.026 14.522 14.120 13.967 13.563 3.005E+09
  6750. 8.200 13.860 14.328 13.961 13.819 13.449 2.641E+09
  7000. 8.199 13.701 14.148 13.811 13.680 13.341 2.324E+09
  7500. 8.198 13.399 13.821 13.538 13.427 13.142 1.824E+09
  8000. 8.197 13.116 13.532 13.296 13.200 12.961 1.530E+09
  8500. 8.196 12.850 13.286 13.090 13.008 12.808 1.313E+09
  9000. 8.195 12.599 13.054 12.895 12.825 12.661 1.135E+09
  9500. 8.193 12.361 12.848 12.721 12.661 12.531 9.878E+08
 10000. 8.192 12.135 12.662 12.565 12.516 12.416 8.646E+08
 11000. 8.190 11.715 12.342 12.297 12.263 12.212 6.724E+08
 12000. 8.187 11.331 12.074 12.070 12.051 12.042 5.317E+08
 13000. 8.185 10.978 11.843 11.871 11.864 11.890 4.257E+08
 14000. 8.183 10.650 11.638 11.692 11.694 11.750 3.439E+08
 15000. 8.181 10.345 11.454 11.524 11.534 11.615 2.799E+08
 16000. 8.179 10.060 11.285 11.366 11.382 11.484 2.288E+08
 17000. 8.176  9.791 11.131 11.220 11.241 11.359 1.874E+08
 18000. 8.174  9.537 10.995 11.088 11.114 11.246 1.536E+08
 19000. 8.172  9.297 10.875 10.975 11.005 11.148 1.258E+08
 20000. 8.170  9.069 10.772 10.878 10.912 11.066 1.025E+08
 21000. 8.168  8.852 10.683 10.797 10.835 10.999 8.284E+07
 22000. 8.165  8.644 10.611 10.732 10.773 10.946 6.635E+07
 23000. 8.163  8.445 10.562 10.689 10.731 10.910 5.260E+07
 24000. 8.161  8.254 10.528 10.659 10.702 10.885 4.131E+07
 25000. 8.158  8.070 10.495 10.629 10.673 10.860 3.226E+07
 26000. 8.156  7.894 10.453 10.592 10.637 10.829 2.527E+07
 27000. 8.153  7.724 10.401 10.546 10.594 10.792 2.004E+07
 28000. 8.151  7.560 10.342 10.495 10.545 10.750 1.621E+07
 29000. 8.148  7.402 10.281 10.442 10.493 10.706 1.339E+07
 30000. 8.146  7.249 10.219 10.388 10.441 10.660 1.131E+07
 31000. 8.144  7.100 10.157 10.334 10.388 10.613 9.729E+06
 32000. 8.142  6.957 10.096 10.280 10.335 10.566 8.503E+06
 33000. 8.139  6.818 10.036 10.227 10.283 10.519 7.526E+06
 34000. 8.137  6.682  9.976 10.174 10.231 10.472 6.730E+06
 35000. 8.135  6.551  9.917 10.122 10.180 10.425 6.069E+06
 36000. 8.132  6.422  9.859 10.070 10.129 10.379 5.515E+06
 37000. 8.130  6.298  9.802 10.018 10.079 10.333 5.042E+06
 38000. 8.128  6.176  9.744  9.967 10.028 10.286 4.633E+06
 39000. 8.125  6.057  9.687  9.915  9.978 10.240 4.278E+06
 40000. 8.123  5.942  9.629  9.863  9.927 10.193 3.965E+06
 42500. 8.117  5.663  9.479  9.727  9.793 10.069 3.330E+06
 45000. 8.111  5.400  9.318  9.580  9.650  9.938 2.845E+06
 47500. 8.105  5.150  9.083  9.367  9.440  9.740 2.462E+06
 50000. 8.099  4.911  8.910  9.207  9.278  9.573 2.152E+06
 52500. 8.092  4.684  8.840  9.142  9.213  9.508 1.899E+06
 55000. 8.086  4.466  8.789  9.094  9.166  9.463 1.689E+06
 57500. 8.079  4.256  8.744  9.052  9.123  9.422 1.511E+06
 60000. 8.073  4.055  8.700  9.010  9.082  9.382 1.358E+06
 65000. 8.059  3.673  8.611  8.925  8.998  9.300 1.110E+06
 70000. 8.045  3.316  8.517  8.835  8.908  9.213 9.170E+05
 75000. 8.030  2.978  8.418  8.738  8.812  9.121 7.633E+05
 80000. 8.014  2.658  8.314  8.638  8.712  9.024 6.386E+05
 85000. 7.997  2.352  8.208  8.535  8.610  8.925 5.363E+05
 90000. 7.979  2.059  8.099  8.428  8.505  8.823 4.501E+05
100000. 7.938  1.501  7.871  8.207  8.285  8.610 3.119E+05
110000. 7.891  0.968  7.620  7.961  8.040  8.371 2.040E+05
120000. 7.833  0.445  7.325  7.669  7.748  8.081 1.162E+05
130000. 7.759 -0.087  6.988  7.333  7.412  7.742 0.000E+00
140000. 7.669 -0.634  6.636  6.979  7.058  7.386 0.000E+00
150000. 7.566 -1.191  6.276  6.618  6.696  7.023 0.000E+00
