   55  0.4 Mo  Pure-hydrogen grid                Wed Dec 16 08:30:30 2020
 Teff   log g  Mbol   F435W  F555W  F606W  F814W    Age
  1500. 7.686 19.716 21.009 18.703 18.561 20.429 1.557E+10
  1750. 7.686 19.046 20.485 18.230 17.945 19.118 1.409E+10
  2000. 7.685 18.465 20.020 17.875 17.467 18.033 1.278E+10
  2250. 7.685 17.953 19.613 17.579 17.092 17.155 1.163E+10
  2500. 7.685 17.495 19.266 17.326 16.794 16.466 1.063E+10
  2750. 7.685 17.080 18.945 17.099 16.551 15.902 9.759E+09
  3000. 7.684 16.701 18.633 16.884 16.340 15.463 8.995E+09
  3250. 7.684 16.353 18.311 16.664 16.140 15.134 8.322E+09
  3500. 7.683 16.029 17.974 16.434 15.938 14.886 7.659E+09
  3750. 7.682 15.728 17.619 16.189 15.726 14.686 6.969E+09
  4000. 7.681 15.445 17.242 15.932 15.504 14.503 6.224E+09
  4250. 7.680 15.178 16.836 15.653 15.261 14.317 5.477E+09
  4500. 7.678 14.924 16.398 15.346 14.991 14.114 4.476E+09
  4750. 7.674 14.681 15.962 15.032 14.712 13.904 3.579E+09
  5000. 7.669 14.445 15.541 14.722 14.435 13.694 2.770E+09
  5250. 7.662 14.215 15.149 14.429 14.172 13.494 2.147E+09
  5500. 7.656 13.998 14.799 14.167 13.935 13.313 1.835E+09
  6000. 7.646 13.596 14.218 13.724 13.534 13.009 1.469E+09
  6500. 7.640 13.233 13.757 13.358 13.202 12.757 1.206E+09
  7000. 7.635 12.900 13.373 13.041 12.911 12.533 1.006E+09
  7500. 7.631 12.589 13.040 12.757 12.647 12.328 8.474E+08
  8000. 7.627 12.298 12.742 12.496 12.405 12.137 7.189E+08
  8500. 7.622 12.024 12.470 12.252 12.178 11.960 6.133E+08
  9000. 7.618 11.764 12.219 12.023 11.965 11.794 5.259E+08
  9500. 7.613 11.518 11.986 11.808 11.766 11.639 4.527E+08
 10000. 7.608 11.283 11.773 11.610 11.582 11.499 3.909E+08
 10500. 7.603 11.059 11.585 11.437 11.422 11.378 3.384E+08
 11000. 7.598 10.844 11.426 11.294 11.290 11.280 2.937E+08
 11500. 7.594 10.640 11.296 11.179 11.184 11.202 2.552E+08
 12000. 7.589 10.444 11.198 11.095 11.107 11.146 2.218E+08
 12500. 7.585 10.256 11.105 11.017 11.035 11.091 1.928E+08
 13000. 7.581 10.075 11.008 10.936 10.959 11.032 1.677E+08
 13500. 7.577  9.901 10.911 10.857 10.883 10.971 1.459E+08
 14000. 7.573  9.733 10.817 10.781 10.810 10.909 1.269E+08
 14500. 7.569  9.570 10.728 10.708 10.740 10.849 1.103E+08
 15000. 7.564  9.412 10.643 10.638 10.671 10.791 9.590E+07
 15500. 7.560  9.258 10.561 10.570 10.605 10.733 8.348E+07
 16000. 7.555  9.109 10.483 10.504 10.541 10.676 7.282E+07
 16500. 7.550  8.963 10.406 10.439 10.478 10.621 6.369E+07
 17000. 7.546  8.822 10.333 10.376 10.416 10.566 5.590E+07
 20000. 7.516  8.042  9.925 10.024 10.071 10.255 2.764E+07
 25000. 7.464  6.943  9.331  9.496  9.554  9.782 1.028E+07
 30000. 7.409  6.012  8.764  8.982  9.047  9.309 3.600E+06
 35000. 7.356  5.211  8.292  8.543  8.611  8.889 9.402E+05
 40000. 7.313  4.525  7.976  8.245  8.314  8.601 2.350E+05
 45000. 7.283  3.938  7.751  8.031  8.101  8.393 0.000E+00
 50000. 7.245  3.386  7.537  7.826  7.897  8.192 0.000E+00
 55000. 7.176  2.798  7.261  7.556  7.627  7.925 0.000E+00
 60000. 7.102  2.235  6.986  7.286  7.358  7.659 0.000E+00
 65000. 7.024  1.694  6.711  7.014  7.087  7.389 0.000E+00
 70000. 6.944  1.171  6.433  6.740  6.813  7.117 0.000E+00
 75000. 6.861  0.663  6.153  6.463  6.536  6.841 0.000E+00
 80000. 6.775  0.170  5.870  6.183  6.257  6.563 0.000E+00
 85000. 6.688 -0.312  5.586  5.901  5.975  6.282 0.000E+00
 90000. 6.599 -0.782  5.300  5.617  5.691  6.000 0.000E+00
   66  0.4 Mo  Pure-helium grid                  Wed Dec 16 08:30:30 2020
 Teff   log g  Mbol   F435W  F555W  F606W  F814W    Age
  3250. 7.697 16.385 18.750 17.411 16.873 15.597 7.555E+09
  3500. 7.696 16.062 18.082 16.872 16.392 15.233 6.954E+09
  3750. 7.696 15.762 17.494 16.400 15.972 14.919 6.367E+09
  4000. 7.695 15.480 16.984 15.988 15.601 14.637 5.760E+09
  4250. 7.695 15.215 16.512 15.608 15.260 14.382 5.132E+09
  4500. 7.694 14.965 16.090 15.268 14.954 14.153 4.453E+09
  4750. 7.693 14.728 15.711 14.963 14.678 13.946 3.785E+09
  5000. 7.692 14.503 15.371 14.687 14.428 13.757 3.255E+09
  5250. 7.690 14.287 15.061 14.434 14.197 13.580 2.824E+09
  5500. 7.688 14.078 14.772 14.199 13.982 13.416 2.358E+09
  5750. 7.685 13.877 14.505 13.980 13.781 13.260 1.927E+09
  6000. 7.681 13.684 14.257 13.776 13.593 13.115 1.630E+09
  6250. 7.679 13.501 14.029 13.588 13.420 12.980 1.441E+09
  6500. 7.677 13.326 13.817 13.412 13.258 12.854 1.299E+09
  6750. 7.675 13.157 13.620 13.249 13.106 12.736 1.180E+09
  7000. 7.674 12.995 13.436 13.096 12.964 12.624 1.076E+09
  7500. 7.671 12.688 13.104 12.816 12.703 12.416 9.032E+08
  8000. 7.667 12.399 12.809 12.568 12.471 12.231 7.651E+08
  8500. 7.664 12.128 12.555 12.354 12.271 12.070 6.528E+08
  9000. 7.660 11.871 12.320 12.157 12.086 11.922 5.603E+08
  9500. 7.657 11.627 12.109 11.980 11.921 11.790 4.834E+08
 10000. 7.653 11.394 11.919 11.821 11.771 11.671 4.188E+08
 11000. 7.645 10.962 11.587 11.541 11.508 11.457 3.172E+08
 12000. 7.639 10.567 11.308 11.302 11.283 11.275 2.421E+08
 13000. 7.632 10.204 11.065 11.091 11.084 11.111 1.850E+08
 14000. 7.626  9.867 10.847 10.897 10.899 10.958 1.417E+08
 15000. 7.620  9.552 10.648 10.714 10.724 10.808 1.084E+08
 16000. 7.614  9.255 10.466 10.543 10.559 10.664 8.314E+07
 17000. 7.607  8.974 10.302 10.387 10.409 10.531 6.425E+07
 18000. 7.599  8.708 10.158 10.249 10.276 10.414 5.027E+07
 19000. 7.592  8.455 10.031 10.130 10.162 10.314 3.990E+07
 20000. 7.584  8.213  9.923 10.030 10.066 10.230 3.212E+07
 21000. 7.577  7.982  9.837  9.952  9.991 10.165 2.617E+07
 22000. 7.569  7.760  9.782  9.901  9.942 10.122 2.155E+07
 23000. 7.561  7.548  9.737  9.860  9.902 10.086 1.787E+07
 24000. 7.553  7.343  9.684  9.812  9.856 10.044 1.489E+07
 25000. 7.545  7.145  9.615  9.751  9.796  9.990 1.244E+07
 26000. 7.537  6.955  9.535  9.680  9.727  9.928 1.040E+07
 27000. 7.529  6.770  9.452  9.606  9.655  9.864 8.683E+06
 28000. 7.520  6.591  9.369  9.533  9.583  9.798 7.217E+06
 29000. 7.512  6.418  9.287  9.460  9.512  9.733 5.968E+06
 30000. 7.503  6.249  9.207  9.388  9.441  9.668 4.893E+06
 31000. 7.495  6.086  9.129  9.317  9.371  9.603 3.978E+06
 32000. 7.487  5.927  9.051  9.247  9.302  9.539 3.202E+06
 33000. 7.478  5.773  8.975  9.177  9.234  9.476 2.546E+06
 34000. 7.470  5.623  8.900  9.109  9.167  9.413 2.004E+06
 35000. 7.463  5.478  8.827  9.042  9.101  9.352 1.564E+06
 36000. 7.455  5.337  8.755  8.976  9.036  9.291 1.212E+06
 37000. 7.448  5.201  8.684  8.910  8.972  9.231 9.342E+05
 38000. 7.442  5.069  8.613  8.845  8.908  9.172 7.194E+05
 39000. 7.436  4.941  8.542  8.781  8.844  9.113 5.584E+05
 40000. 7.430  4.817  8.471  8.715  8.780  9.054 4.370E+05
 42500. 7.417  4.521  8.295  8.554  8.622  8.906 2.419E+05
 45000. 7.406  4.244  8.068  8.347  8.418  8.717 1.373E+05
 47500. 7.398  3.991  7.848  8.141  8.211  8.503 0.000E+00
 50000. 7.392  3.754  7.777  8.074  8.144  8.436 0.000E+00
 52500. 7.382  3.517  7.715  8.015  8.085  8.379 0.000E+00
 55000. 7.365  3.270  7.639  7.942  8.012  8.307 0.000E+00
 57500. 7.341  3.018  7.550  7.855  7.926  8.222 0.000E+00
 60000. 7.318  2.775  7.462  7.769  7.840  8.138 0.000E+00
 65000. 7.270  2.308  7.279  7.590  7.662  7.963 0.000E+00
 70000. 7.221  1.863  7.089  7.404  7.476  7.781 0.000E+00
 75000. 7.170  1.437  6.894  7.213  7.286  7.594 0.000E+00
 80000. 7.119  1.029  6.697  7.019  7.093  7.404 0.000E+00
 85000. 7.067  0.636  6.499  6.824  6.899  7.214 0.000E+00
 90000. 7.014  0.256  6.300  6.628  6.704  7.023 0.000E+00
