   61  0.6 Mo  Pure-hydrogen grid                Wed Dec 16 08:30:30 2020
 Teff   log g  Mbol   F435W  F555W  F606W  F814W    Age
  1500. 8.040 20.162 21.357 19.102 19.012 21.037 1.559E+10
  1750. 8.040 19.492 20.825 18.624 18.382 19.691 1.488E+10
  2000. 8.040 18.912 20.364 18.267 17.896 18.568 1.426E+10
  2250. 8.040 18.400 19.964 17.954 17.498 17.670 1.368E+10
  2500. 8.040 17.943 19.634 17.709 17.198 16.969 1.312E+10
  2750. 8.040 17.528 19.318 17.484 16.950 16.386 1.259E+10
  3000. 8.040 17.150 19.011 17.269 16.735 15.925 1.208E+10
  3250. 8.039 16.802 18.699 17.052 16.534 15.574 1.157E+10
  3500. 8.039 16.479 18.370 16.828 16.335 15.313 1.106E+10
  3750. 8.039 16.179 18.025 16.588 16.127 15.106 1.050E+10
  4000. 8.038 15.897 17.657 16.337 15.910 14.922 9.886E+09
  4250. 8.037 15.632 17.266 16.069 15.678 14.742 9.254E+09
  4500. 8.036 15.381 16.850 15.780 15.424 14.551 8.517E+09
  4750. 8.035 15.143 16.427 15.480 15.160 14.353 7.619E+09
  5000. 8.033 14.914 16.019 15.183 14.895 14.155 6.390E+09
  5250. 8.029 14.693 15.637 14.901 14.642 13.964 4.688E+09
  5500. 8.025 14.482 15.290 14.642 14.409 13.787 3.367E+09
  6000. 8.020 14.091 14.709 14.205 14.015 13.490 2.418E+09
  6500. 8.016 13.734 14.251 13.847 13.691 13.245 1.950E+09
  7000. 8.014 13.405 13.872 13.539 13.409 13.030 1.599E+09
  7500. 8.011 13.100 13.546 13.264 13.154 12.833 1.334E+09
  8000. 8.009 12.813 13.257 13.012 12.921 12.650 1.128E+09
  8500. 8.007 12.544 12.996 12.779 12.704 12.480 9.637E+08
  9000. 8.004 12.290 12.757 12.561 12.501 12.321 8.315E+08
  9500. 8.002 12.050 12.535 12.355 12.310 12.172 7.230E+08
 10000. 8.000 11.821 12.332 12.165 12.134 12.036 6.328E+08
 10500. 7.997 11.604 12.149 11.995 11.976 11.916 5.567E+08
 11000. 7.995 11.396 11.991 11.850 11.842 11.816 4.917E+08
 11500. 7.993 11.197 11.859 11.730 11.732 11.733 4.358E+08
 12000. 7.990 11.006 11.747 11.632 11.641 11.667 3.874E+08
 12500. 7.988 10.824 11.662 11.558 11.574 11.618 3.450E+08
 13000. 7.986 10.648 11.586 11.494 11.514 11.574 3.076E+08
 13500. 7.984 10.479 11.503 11.425 11.450 11.525 2.745E+08
 14000. 7.982 10.316 11.418 11.355 11.384 11.473 2.451E+08
 14500. 7.980 10.158 11.334 11.288 11.319 11.421 2.189E+08
 15000. 7.978 10.006 11.254 11.223 11.257 11.369 1.954E+08
 15500. 7.976  9.858 11.177 11.161 11.197 11.318 1.743E+08
 16000. 7.974  9.715 11.104 11.102 11.139 11.269 1.555E+08
 16500. 7.972  9.576 11.033 11.044 11.083 11.220 1.386E+08
 17000. 7.970  9.442 10.965 10.987 11.028 11.173 1.234E+08
 20000. 7.957  8.704 10.596 10.677 10.725 10.905 5.866E+07
 25000. 7.935  7.679 10.071 10.223 10.281 10.507 1.818E+07
 30000. 7.912  6.832  9.583  9.792  9.857 10.116 8.900E+06
 35000. 7.889  6.105  9.189  9.435  9.502  9.779 5.466E+06
 40000. 7.865  5.465  8.922  9.186  9.256  9.541 3.732E+06
 45000. 7.840  4.891  8.711  8.988  9.058  9.349 2.690E+06
 50000. 7.814  4.367  8.529  8.814  8.885  9.180 2.005E+06
 55000. 7.786  3.883  8.360  8.651  8.723  9.022 1.515E+06
 60000. 7.755  3.428  8.196  8.493  8.566  8.867 1.145E+06
 65000. 7.722  2.997  8.035  8.336  8.409  8.712 8.627E+05
 70000. 7.685  2.583  7.872  8.177  8.250  8.555 6.414E+05
 75000. 7.644  2.182  7.704  8.012  8.086  8.393 4.625E+05
 80000. 7.599  1.788  7.528  7.839  7.913  8.221 3.165E+05
 85000. 7.548  1.399  7.342  7.656  7.730  8.040 1.977E+05
 90000. 7.493  1.012  7.146  7.463  7.537  7.848 1.029E+05
100000. 7.373  0.255  6.738  7.059  7.134  7.446 0.000E+00
110000. 7.227 -0.524  6.270  6.593  6.669  6.983 0.000E+00
120000. 7.068 -1.301  5.771  6.097  6.173  6.489 0.000E+00
130000. 6.898 -2.073  5.251  5.580  5.656  5.974 0.000E+00
140000. 6.721 -2.837  4.717  5.048  5.126  5.446 0.000E+00
150000. 6.538 -3.593  4.175  4.508  4.586  4.910 0.000E+00
   72  0.6 Mo  Pure-helium grid                  Wed Dec 16 08:30:30 2020
 Teff   log g  Mbol   F435W  F555W  F606W  F814W    Age
  3250. 8.053 16.835 19.264 17.914 17.370 16.083 9.485E+09
  3500. 8.053 16.513 18.589 17.369 16.884 15.715 9.034E+09
  3750. 8.053 16.213 17.989 16.887 16.454 15.392 8.578E+09
  4000. 8.052 15.932 17.466 16.466 16.077 15.107 8.109E+09
  4250. 8.052 15.668 16.985 16.081 15.733 14.851 7.652E+09
  4500. 8.052 15.419 16.565 15.740 15.424 14.618 7.207E+09
  4750. 8.051 15.184 16.179 15.430 15.144 14.410 6.740E+09
  5000. 8.051 14.960 15.834 15.152 14.893 14.221 6.201E+09
  5250. 8.050 14.746 15.524 14.899 14.662 14.045 5.467E+09
  5500. 8.049 14.541 15.238 14.667 14.450 13.883 4.600E+09
  5750. 8.048 14.344 14.975 14.451 14.253 13.732 3.693E+09
  6000. 8.046 14.156 14.731 14.252 14.070 13.592 2.881E+09
  6250. 8.045 13.975 14.506 14.067 13.899 13.459 2.344E+09
  6500. 8.044 13.802 14.296 13.894 13.740 13.337 2.085E+09
  6750. 8.043 13.636 14.102 13.734 13.592 13.222 1.890E+09
  7000. 8.042 13.476 13.922 13.584 13.453 13.113 1.724E+09
  7500. 8.041 13.173 13.593 13.309 13.197 12.912 1.449E+09
  8000. 8.039 12.889 13.303 13.065 12.969 12.730 1.229E+09
  8500. 8.037 12.621 13.055 12.858 12.775 12.575 1.052E+09
  9000. 8.036 12.369 12.823 12.662 12.592 12.428 9.069E+08
  9500. 8.034 12.131 12.616 12.488 12.429 12.299 7.871E+08
 10000. 8.033 11.904 12.430 12.333 12.283 12.183 6.869E+08
 11000. 8.029 11.481 12.108 12.062 12.029 11.978 5.305E+08
 12000. 8.026 11.095 11.838 11.833 11.814 11.805 4.160E+08
 13000. 8.023 10.740 11.604 11.632 11.624 11.651 3.297E+08
 14000. 8.020 10.411 11.397 11.449 11.451 11.508 2.630E+08
 15000. 8.017 10.104 11.209 11.278 11.288 11.370 2.105E+08
 16000. 8.014  9.816 11.037 11.117 11.133 11.236 1.685E+08
 17000. 8.011  9.546 10.882 10.969 10.991 11.110 1.348E+08
 18000. 8.009  9.291 10.745 10.838 10.864 10.997 1.073E+08
 19000. 8.006  9.048 10.626 10.725 10.755 10.900 8.479E+07
 20000. 8.002  8.818 10.522 10.628 10.663 10.820 6.646E+07
 21000. 7.999  8.598 10.434 10.549 10.586 10.754 5.182E+07
 22000. 7.996  8.388 10.367 10.488 10.529 10.704 4.043E+07
 23000. 7.993  8.187 10.325 10.450 10.492 10.673 3.180E+07
 24000. 7.990  7.994 10.291 10.420 10.463 10.647 2.541E+07
 25000. 7.986  7.808 10.251 10.384 10.428 10.617 2.075E+07
 26000. 7.983  7.630 10.200 10.340 10.386 10.580 1.734E+07
 27000. 7.980  7.458 10.141 10.288 10.335 10.537 1.476E+07
 28000. 7.977  7.292 10.076 10.232 10.281 10.490 1.277E+07
 29000. 7.974  7.132 10.011 10.174 10.225 10.441 1.121E+07
 30000. 7.970  6.977  9.945 10.116 10.169 10.391 9.943E+06
 31000. 7.967  6.826  9.880 10.059 10.113 10.341 8.899E+06
 32000. 7.964  6.680  9.816 10.003 10.058 10.291 8.022E+06
 33000. 7.961  6.538  9.753  9.947 10.003 10.241 7.280E+06
 34000. 7.957  6.401  9.690  9.891  9.948 10.191 6.646E+06
 35000. 7.954  6.266  9.629  9.836  9.894 10.141 6.093E+06
 36000. 7.951  6.136  9.568  9.781  9.841 10.092 5.612E+06
 37000. 7.947  6.008  9.507  9.726  9.787 10.043 5.189E+06
 38000. 7.944  5.884  9.447  9.671  9.733  9.993 4.816E+06
 39000. 7.940  5.762  9.386  9.616  9.679  9.943 4.482E+06
 40000. 7.937  5.644  9.324  9.560  9.624  9.893 4.183E+06
 42500. 7.928  5.358  9.166  9.416  9.483  9.761 3.555E+06
 45000. 7.919  5.087  8.986  9.253  9.323  9.615 3.051E+06
 47500. 7.910  4.830  8.730  9.018  9.090  9.389 2.646E+06
 50000. 7.901  4.584  8.585  8.883  8.954  9.248 2.313E+06
 52500. 7.891  4.348  8.516  8.818  8.888  9.183 2.030E+06
 55000. 7.881  4.122  8.458  8.763  8.834  9.130 1.789E+06
 57500. 7.871  3.903  8.404  8.711  8.783  9.080 1.580E+06
 60000. 7.861  3.692  8.350  8.659  8.731  9.030 1.398E+06
 65000. 7.838  3.288  8.237  8.550  8.622  8.924 1.094E+06
 70000. 7.814  2.906  8.116  8.433  8.506  8.811 8.583E+05
 75000. 7.788  2.541  7.987  8.307  8.381  8.689 6.689E+05
 80000. 7.760  2.191  7.852  8.175  8.249  8.561 5.132E+05
 85000. 7.729  1.850  7.709  8.035  8.110  8.425 3.837E+05
 90000. 7.695  1.518  7.560  7.890  7.966  8.284 2.763E+05
100000. 7.622  0.877  7.248  7.583  7.661  7.986 1.159E+05
110000. 7.547  0.277  6.929  7.269  7.348  7.679 0.000E+00
120000. 7.460 -0.321  6.556  6.899  6.978  7.310 0.000E+00
130000. 7.362 -0.912  6.157  6.500  6.578  6.907 0.000E+00
140000. 7.260 -1.489  5.774  6.116  6.194  6.521 0.000E+00
150000. 7.155 -2.051  5.408  5.749  5.827  6.152 0.000E+00
