    5   61  Pure-hydrogen grid                   Wed Dec 16 08:28:12 2020
 Teff  log g  M/Mo  Mbol   F435W  F555W  F606W  F814W    Age
  1500. 7.0  0.152 19.054 20.576 18.152 17.894 19.454 1.339E+10
  1750. 7.0  0.152 18.383 20.012 17.706 17.315 18.192 1.077E+10
  2000. 7.0  0.152 17.801 19.549 17.357 16.869 17.175 9.004E+09
  2250. 7.0  0.152 17.287 19.156 17.066 16.520 16.376 7.453E+09
  2500. 7.0  0.153 16.827 18.773 16.800 16.225 15.706 5.893E+09
  2750. 7.0  0.153 16.410 18.434 16.568 15.992 15.184 4.242E+09
  3000. 7.0  0.154 16.029 18.099 16.340 15.779 14.784 3.471E+09
  3250. 7.0  0.154 15.678 17.759 16.110 15.575 14.489 3.218E+09
  3500. 7.0  0.155 15.352 17.407 15.871 15.368 14.267 2.981E+09
  3750. 7.0  0.156 15.047 17.040 15.621 15.152 14.077 2.652E+09
  4000. 7.0  0.157 14.760 16.633 15.343 14.911 13.887 2.348E+09
  4250. 7.0  0.158 14.486 16.169 15.018 14.626 13.670 2.073E+09
  4500. 7.0  0.160 14.224 15.696 14.676 14.323 13.441 1.810E+09
  4750. 7.0  0.164 13.963 15.231 14.331 14.013 13.204 1.494E+09
  5000. 7.0  0.170 13.704 14.782 13.993 13.708 12.967 1.203E+09
  5250. 7.0  0.175 13.456 14.374 13.684 13.429 12.751 1.020E+09
  5500. 7.0  0.181 13.221 14.015 13.409 13.179 12.557 8.960E+08
  6000. 7.0  0.189 12.796 13.425 12.944 12.755 12.232 7.035E+08
  6500. 7.0  0.193 12.424 12.958 12.564 12.408 11.965 5.571E+08
  7000. 7.0  0.197 12.081 12.561 12.230 12.100 11.725 4.404E+08
  7500. 7.0  0.201 11.761 12.211 11.929 11.821 11.506 3.457E+08
  8000. 7.0  0.204 11.461 11.896 11.652 11.563 11.305 2.683E+08
  8500. 7.0  0.208 11.179 11.606 11.393 11.322 11.117 2.050E+08
  9000. 7.0  0.211 10.912 11.338 11.148 11.095 10.941 1.527E+08
  9500. 7.0  0.215 10.659 11.090 10.921 10.885 10.781 1.098E+08
 10000. 7.0  0.218 10.421 10.870 10.721 10.701 10.643 7.746E+07
 10500. 7.0  0.221 10.194 10.688 10.560 10.552 10.535 5.721E+07
 11000. 7.0  0.224  9.980 10.548 10.439 10.442 10.456 4.453E+07
 11500. 7.0  0.226  9.775 10.438 10.348 10.359 10.395 3.517E+07
 12000. 7.0  0.228  9.579 10.326 10.256 10.273 10.329 2.796E+07
 12500. 7.0  0.231  9.390 10.216 10.165 10.186 10.259 2.206E+07
 13000. 7.0  0.233  9.208 10.113 10.080 10.105 10.191 1.713E+07
 13500. 7.0  0.236  9.034 10.016 10.001 10.028 10.125 1.304E+07
 14000. 7.0  0.238  8.866  9.925  9.926  9.955 10.063 9.767E+06
 14500. 7.0  0.240  8.704  9.840  9.854  9.886 10.003 7.313E+06
 15000. 7.0  0.242  8.548  9.759  9.787  9.820  9.945 5.539E+06
 15500. 7.0  0.243  8.398  9.682  9.722  9.756  9.890 4.259E+06
 16000. 7.0  0.245  8.253  9.609  9.659  9.696  9.836 3.330E+06
 16500. 7.0  0.247  8.112  9.539  9.599  9.637  9.784 2.647E+06
 17000. 7.0  0.248  7.975  9.471  9.541  9.580  9.734 2.139E+06
 20000. 7.0  0.257  7.232  9.105  9.222  9.269  9.456 8.290E+05
 25000. 7.0  0.270  6.210  8.595  8.772  8.829  9.060 2.206E+05
 30000. 7.0  0.282  5.372  8.123  8.348  8.413  8.677 0.000E+00
 35000. 7.0  0.294  4.654  7.733  7.989  8.056  8.335 0.000E+00
 40000. 7.0  0.310  4.020  7.467  7.739  7.808  8.095 0.000E+00
 45000. 7.0  0.326  3.451  7.259  7.541  7.611  7.903 0.000E+00
 50000. 7.0  0.344  2.936  7.083  7.372  7.443  7.739 0.000E+00
 55000. 7.0  0.361  2.471  6.930  7.226  7.297  7.595 0.000E+00
 60000. 7.0  0.378  2.041  6.789  7.089  7.161  7.462 0.000E+00
 65000. 7.0  0.395  1.647  6.663  6.967  7.039  7.341 0.000E+00
 70000. 7.0  0.413  1.277  6.541  6.848  6.921  7.225 0.000E+00
 75000. 7.0  0.431  0.929  6.425  6.735  6.808  7.114 0.000E+00
 80000. 7.0  0.449  0.607  6.319  6.632  6.705  7.012 0.000E+00
 85000. 7.0  0.465  0.304  6.220  6.535  6.609  6.917 0.000E+00
 90000. 7.0  0.482  0.017  6.125  6.442  6.516  6.825 0.000E+00
100000. 7.0  0.513 -0.507  5.952  6.273  6.348  6.660 0.000E+00
110000. 7.0  0.544 -0.986  5.791  6.115  6.191  6.504 0.000E+00
120000. 7.0  0.584 -1.440  5.626  5.953  6.029  6.345 0.000E+00
130000. 7.0  0.621 -1.855  5.477  5.806  5.883  6.201 0.000E+00
140000. 7.0  0.653 -2.231  5.347  5.678  5.755  6.075 0.000E+00
150000. 7.0  0.685 -2.582  5.223  5.556  5.634  5.955 0.000E+00
  1500. 7.5  0.317 19.505 20.855 18.519 18.347 20.135 1.552E+10
  1750. 7.5  0.317 18.835 20.324 18.053 17.741 18.839 1.352E+10
  2000. 7.5  0.317 18.255 19.865 17.696 17.270 17.773 1.186E+10
  2250. 7.5  0.317 17.743 19.460 17.412 16.908 16.913 1.050E+10
  2500. 7.5  0.317 17.285 19.100 17.152 16.609 16.229 9.379E+09
  2750. 7.5  0.317 16.870 18.777 16.925 16.369 15.676 8.470E+09
  3000. 7.5  0.318 16.492 18.460 16.708 16.159 15.249 7.689E+09
  3250. 7.5  0.318 16.143 18.134 16.487 15.959 14.930 6.964E+09
  3500. 7.5  0.318 15.820 17.793 16.254 15.756 14.691 6.186E+09
  3750. 7.5  0.319 15.519 17.435 16.009 15.545 14.495 5.285E+09
  4000. 7.5  0.319 15.236 17.054 15.749 15.320 14.313 4.499E+09
  4250. 7.5  0.320 14.971 16.639 15.463 15.071 14.123 3.847E+09
  4500. 7.5  0.321 14.719 16.194 15.150 14.796 13.917 3.311E+09
  4750. 7.5  0.323 14.478 15.756 14.833 14.514 13.706 2.814E+09
  5000. 7.5  0.326 14.245 15.337 14.525 14.238 13.498 2.223E+09
  5250. 7.5  0.330 14.020 14.950 14.238 13.981 13.302 1.786E+09
  5500. 7.5  0.333 13.808 14.606 13.981 13.750 13.128 1.564E+09
  6000. 7.5  0.338 13.414 14.037 13.546 13.357 12.832 1.270E+09
  6500. 7.5  0.341 13.057 13.583 13.185 13.029 12.585 1.048E+09
  7000. 7.5  0.343 12.727 13.203 12.871 12.741 12.364 8.766E+08
  7500. 7.5  0.345 12.421 12.872 12.589 12.480 12.161 7.394E+08
  8000. 7.5  0.348 12.134 12.576 12.330 12.240 11.974 6.282E+08
  8500. 7.5  0.350 11.864 12.307 12.090 12.016 11.800 5.369E+08
  9000. 7.5  0.352 11.609 12.059 11.864 11.807 11.638 4.613E+08
  9500. 7.5  0.354 11.367 11.830 11.652 11.611 11.488 3.980E+08
 10000. 7.5  0.356 11.137 11.620 11.459 11.433 11.354 3.446E+08
 10500. 7.5  0.359 10.918 11.439 11.294 11.280 11.241 2.991E+08
 11000. 7.5  0.361 10.710 11.288 11.159 11.156 11.150 2.600E+08
 11500. 7.5  0.363 10.510 11.167 11.053 11.060 11.081 2.262E+08
 12000. 7.5  0.365 10.320 11.076 10.977 10.990 11.031 1.969E+08
 12500. 7.5  0.367 10.137 10.985 10.902 10.921 10.980 1.715E+08
 13000. 7.5  0.368  9.962 10.891 10.824 10.848 10.923 1.493E+08
 13500. 7.5  0.370  9.793 10.798 10.750 10.776 10.865 1.300E+08
 14000. 7.5  0.372  9.629 10.710 10.679 10.708 10.809 1.132E+08
 14500. 7.5  0.374  9.472 10.627 10.611 10.643 10.754 9.872E+07
 15000. 7.5  0.376  9.319 10.548 10.547 10.580 10.700 8.627E+07
 15500. 7.5  0.378  9.171 10.473 10.485 10.520 10.648 7.560E+07
 16000. 7.5  0.379  9.028 10.400 10.424 10.461 10.597 6.647E+07
 16500. 7.5  0.381  8.889 10.331 10.366 10.405 10.548 5.866E+07
 17000. 7.5  0.383  8.754 10.263 10.310 10.350 10.500 5.197E+07
 20000. 7.5  0.394  8.017  9.900  9.999 10.046 10.231 2.702E+07
 25000. 7.5  0.412  7.001  9.390  9.554  9.612  9.840 1.134E+07
 30000. 7.5  0.428  6.166  8.918  9.134  9.199  9.461 5.633E+06
 35000. 7.5  0.444  5.458  8.539  8.790  8.857  9.135 2.907E+06
 40000. 7.5  0.460  4.841  8.294  8.561  8.631  8.917 1.606E+06
 45000. 7.5  0.475  4.294  8.110  8.389  8.460  8.751 9.101E+05
 50000. 7.5  0.488  3.806  7.963  8.249  8.321  8.616 6.132E+05
 55000. 7.5  0.503  3.360  7.831  8.124  8.196  8.494 5.035E+05
 60000. 7.5  0.517  2.952  7.714  8.012  8.085  8.386 3.882E+05
 65000. 7.5  0.529  2.580  7.612  7.914  7.987  8.290 2.709E+05
 70000. 7.5  0.543  2.229  7.511  7.817  7.890  8.195 2.632E+05
 75000. 7.5  0.559  1.898  7.414  7.723  7.797  8.103 2.801E+05
 80000. 7.5  0.573  1.592  7.327  7.639  7.713  8.020 2.089E+05
 85000. 7.5  0.586  1.303  7.244  7.558  7.632  7.942 1.470E+05
 90000. 7.5  0.602  1.026  7.160  7.477  7.551  7.862 1.079E+05
100000. 7.5  0.630  0.519  7.009  7.329  7.404  7.717 0.000E+00
110000. 7.5  0.658  0.058  6.869  7.193  7.268  7.583 0.000E+00
120000. 7.5  0.685 -0.364  6.740  7.066  7.142  7.458 0.000E+00
130000. 7.5  0.712 -0.753  6.619  6.947  7.024  7.342 0.000E+00
140000. 7.5  0.735 -1.110  6.508  6.839  6.916  7.236 0.000E+00
150000. 7.5  0.755 -1.439  6.410  6.743  6.820  7.141 0.000E+00
  1500. 8.0  0.575 20.108 21.313 19.053 18.958 20.964 1.548E+10
  1750. 8.0  0.575 19.438 20.784 18.575 18.329 19.622 1.473E+10
  2000. 8.0  0.575 18.858 20.321 18.219 17.844 18.504 1.405E+10
  2250. 8.0  0.575 18.346 19.919 17.907 17.448 17.607 1.341E+10
  2500. 8.0  0.575 17.889 19.589 17.662 17.149 16.909 1.280E+10
  2750. 8.0  0.575 17.475 19.272 17.437 16.901 16.328 1.223E+10
  3000. 8.0  0.575 17.096 18.966 17.222 16.687 15.870 1.168E+10
  3250. 8.0  0.575 16.749 18.653 17.006 16.487 15.522 1.114E+10
  3500. 8.0  0.576 16.426 18.323 16.781 16.288 15.263 1.060E+10
  3750. 8.0  0.576 16.126 17.977 16.542 16.080 15.057 1.003E+10
  4000. 8.0  0.576 15.845 17.610 16.290 15.863 14.874 9.411E+09
  4250. 8.0  0.577 15.581 17.218 16.023 15.631 14.694 8.768E+09
  4500. 8.0  0.577 15.331 16.801 15.733 15.377 14.504 8.023E+09
  4750. 8.0  0.578 15.095 16.379 15.434 15.113 14.307 7.110E+09
  5000. 8.0  0.580 14.869 15.973 15.139 14.851 14.111 5.956E+09
  5250. 8.0  0.582 14.653 15.596 14.861 14.602 13.924 4.271E+09
  5500. 8.0  0.585 14.447 15.254 14.608 14.374 13.753 3.137E+09
  6000. 8.0  0.588 14.063 14.681 14.178 13.988 13.463 2.333E+09
  6500. 8.0  0.590 13.711 14.228 13.825 13.668 13.223 1.903E+09
  7000. 8.0  0.592 13.386 13.853 13.520 13.390 13.012 1.566E+09
  7500. 8.0  0.593 13.084 13.530 13.248 13.139 12.818 1.313E+09
  8000. 8.0  0.595 12.801 13.245 12.999 12.908 12.638 1.114E+09
  8500. 8.0  0.596 12.535 12.987 12.770 12.695 12.471 9.551E+08
  9000. 8.0  0.597 12.284 12.751 12.554 12.494 12.315 8.268E+08
  9500. 8.0  0.599 12.047 12.532 12.352 12.307 12.169 7.211E+08
 10000. 8.0  0.600 11.822 12.332 12.166 12.134 12.036 6.330E+08
 10500. 8.0  0.602 11.607 12.152 11.998 11.979 11.919 5.585E+08
 11000. 8.0  0.603 11.403 11.999 11.857 11.850 11.822 4.949E+08
 11500. 8.0  0.604 11.207 11.869 11.741 11.742 11.743 4.401E+08
 12000. 8.0  0.606 11.020 11.761 11.645 11.654 11.680 3.925E+08
 12500. 8.0  0.607 10.841 11.679 11.575 11.590 11.633 3.509E+08
 13000. 8.0  0.608 10.668 11.606 11.513 11.533 11.593 3.140E+08
 13500. 8.0  0.609 10.502 11.527 11.448 11.473 11.547 2.813E+08
 14000. 8.0  0.610 10.342 11.445 11.381 11.410 11.499 2.523E+08
 14500. 8.0  0.611 10.188 11.364 11.317 11.348 11.449 2.264E+08
 15000. 8.0  0.613 10.038 11.287 11.255 11.289 11.401 2.031E+08
 15500. 8.0  0.614  9.894 11.214 11.196 11.232 11.353 1.822E+08
 16000. 8.0  0.615  9.754 11.144 11.140 11.177 11.307 1.635E+08
 16500. 8.0  0.616  9.618 11.076 11.085 11.124 11.261 1.466E+08
 17000. 8.0  0.617  9.487 11.011 11.032 11.072 11.217 1.314E+08
 20000. 8.0  0.624  8.769 10.662 10.741 10.789 10.969 6.585E+07
 25000. 8.0  0.635  7.780 10.173 10.323 10.381 10.607 2.026E+07
 30000. 8.0  0.646  6.970  9.722  9.929  9.994 10.253 9.179E+06
 35000. 8.0  0.656  6.284  9.369  9.613  9.681  9.956 5.430E+06
 40000. 8.0  0.666  5.688  9.146  9.409  9.478  9.763 3.626E+06
 45000. 8.0  0.676  5.160  8.983  9.258  9.329  9.620 2.594E+06
 50000. 8.0  0.686  4.687  8.852  9.136  9.207  9.502 1.936E+06
 55000. 8.0  0.695  4.258  8.739  9.030  9.102  9.400 1.494E+06
 60000. 8.0  0.705  3.866  8.640  8.936  9.008  9.309 1.177E+06
 65000. 8.0  0.714  3.504  8.549  8.850  8.923  9.226 9.411E+05
 70000. 8.0  0.723  3.168  8.466  8.770  8.844  9.149 7.620E+05
 75000. 8.0  0.732  2.855  8.388  8.696  8.770  9.077 6.220E+05
 80000. 8.0  0.742  2.561  8.315  8.626  8.700  9.008 5.092E+05
 85000. 8.0  0.751  2.284  8.246  8.559  8.634  8.944 4.167E+05
 90000. 8.0  0.760  2.023  8.180  8.496  8.570  8.882 3.384E+05
100000. 8.0  0.778  1.540  8.056  8.376  8.452  8.765 2.135E+05
110000. 8.0  0.796  1.101  7.942  8.265  8.341  8.657 1.217E+05
120000. 8.0  0.813  0.700  7.836  8.162  8.238  8.556 0.000E+00
130000. 8.0  0.831  0.329  7.736  8.065  8.141  8.460 0.000E+00
140000. 8.0  0.846 -0.013  7.643  7.974  8.051  8.372 0.000E+00
150000. 8.0  0.860 -0.330  7.558  7.890  7.968  8.290 0.000E+00
  1500. 8.5  0.908 20.861 21.934 19.761 19.723 21.880 1.346E+10
  1750. 8.5  0.908 20.192 21.377 19.269 19.073 20.560 1.332E+10
  2000. 8.5  0.908 19.612 20.956 18.894 18.575 19.398 1.314E+10
  2250. 8.5  0.908 19.100 20.571 18.592 18.174 18.472 1.291E+10
  2500. 8.5  0.908 18.643 20.232 18.332 17.854 17.740 1.266E+10
  2750. 8.5  0.908 18.229 19.925 18.110 17.598 17.135 1.245E+10
  3000. 8.5  0.908 17.851 19.626 17.892 17.371 16.654 1.227E+10
  3250. 8.5  0.908 17.503 19.323 17.678 17.168 16.277 1.209E+10
  3500. 8.5  0.908 17.181 19.006 17.459 16.970 15.993 1.189E+10
  3750. 8.5  0.908 16.881 18.673 17.228 16.768 15.774 1.167E+10
  4000. 8.5  0.908 16.601 18.316 16.982 16.556 15.586 1.140E+10
  4250. 8.5  0.909 16.337 17.940 16.724 16.333 15.409 1.108E+10
  4500. 8.5  0.909 16.089 17.544 16.453 16.096 15.230 1.071E+10
  4750. 8.5  0.909 15.854 17.140 16.170 15.848 15.045 1.024E+10
  5000. 8.5  0.909 15.631 16.742 15.886 15.596 14.857 9.637E+09
  5250. 8.5  0.910 15.418 16.373 15.616 15.355 14.678 8.748E+09
  5500. 8.5  0.911 15.215 16.033 15.365 15.130 14.509 7.499E+09
  6000. 8.5  0.913 14.835 15.451 14.932 14.741 14.217 5.668E+09
  6500. 8.5  0.914 14.486 14.992 14.581 14.424 13.979 4.808E+09
  7000. 8.5  0.915 14.163 14.617 14.282 14.153 13.774 4.094E+09
  7500. 8.5  0.916 13.862 14.299 14.018 13.910 13.587 3.492E+09
  8000. 8.5  0.917 13.581 14.020 13.778 13.687 13.414 2.961E+09
  8500. 8.5  0.917 13.317 13.770 13.556 13.481 13.252 2.510E+09
  9000. 8.5  0.918 13.068 13.543 13.349 13.288 13.100 2.113E+09
  9500. 8.5  0.919 12.832 13.333 13.155 13.107 12.957 1.768E+09
 10000. 8.5  0.919 12.608 13.139 12.972 12.937 12.824 1.468E+09
 10500. 8.5  0.920 12.396 12.961 12.805 12.782 12.704 1.242E+09
 11000. 8.5  0.921 12.193 12.805 12.659 12.646 12.600 1.076E+09
 11500. 8.5  0.922 11.999 12.671 12.535 12.532 12.513 9.434E+08
 12000. 8.5  0.922 11.813 12.555 12.431 12.435 12.441 8.444E+08
 12500. 8.5  0.923 11.635 12.454 12.341 12.353 12.379 7.601E+08
 13000. 8.5  0.924 11.464 12.372 12.270 12.287 12.331 6.854E+08
 13500. 8.5  0.924 11.299 12.309 12.215 12.236 12.294 6.187E+08
 14000. 8.5  0.925 11.140 12.245 12.161 12.186 12.258 5.600E+08
 14500. 8.5  0.926 10.987 12.176 12.103 12.133 12.218 5.085E+08
 15000. 8.5  0.926 10.839 12.104 12.045 12.078 12.175 4.633E+08
 15500. 8.5  0.927 10.696 12.033 11.988 12.023 12.132 4.234E+08
 16000. 8.5  0.928 10.558 11.964 11.932 11.970 12.089 3.880E+08
 16500. 8.5  0.928 10.423 11.897 11.879 11.918 12.046 3.562E+08
 17000. 8.5  0.929 10.293 11.833 11.827 11.868 12.004 3.277E+08
 20000. 8.5  0.932  9.583 11.486 11.545 11.594 11.768 2.052E+08
 25000. 8.5  0.938  8.607 11.003 11.139 11.198 11.419 9.873E+07
 30000. 8.5  0.944  7.809 10.558 10.756 10.822 11.077 4.447E+07
 35000. 8.5  0.950  7.133 10.219 10.458 10.526 10.799 1.605E+07
 40000. 8.5  0.955  6.546 10.009 10.268 10.338 10.620 5.347E+06
 45000. 8.5  0.961  6.029  9.858 10.130 10.201 10.489 2.654E+06
 50000. 8.5  0.966  5.566  9.738 10.019 10.090 10.384 1.681E+06
 55000. 8.5  0.970  5.146  9.636  9.924  9.996 10.294 1.185E+06
 60000. 8.5  0.975  4.763  9.547  9.841  9.914 10.214 8.829E+05
 65000. 8.5  0.980  4.410  9.467  9.766  9.839 10.141 6.825E+05
 70000. 8.5  0.984  4.083  9.394  9.697  9.770 10.075 5.398E+05
 75000. 8.5  0.989  3.779  9.326  9.632  9.707 10.013 4.322E+05
 80000. 8.5  0.993  3.494  9.263  9.572  9.647  9.955 3.479E+05
 85000. 8.5  0.998  3.226  9.203  9.516  9.591  9.901 2.805E+05
 90000. 8.5  1.002  2.972  9.147  9.462  9.537  9.849 2.258E+05
100000. 8.5  1.011  2.505  9.042  9.362  9.437  9.751 1.444E+05
110000. 8.5  1.020  2.082  8.946  9.269  9.345  9.662 0.000E+00
120000. 8.5  1.029  1.695  8.857  9.183  9.259  9.578 0.000E+00
130000. 8.5  1.037  1.338  8.774  9.102  9.179  9.499 0.000E+00
140000. 8.5  1.045  1.008  8.695  9.026  9.104  9.425 0.000E+00
150000. 8.5  1.053  0.700  8.622  8.955  9.032  9.355 0.000E+00
  1500. 9.0  1.194 21.814 22.769 20.762 20.719 22.708 8.459E+09
  1750. 9.0  1.194 21.145 22.227 20.182 20.036 21.612 8.421E+09
  2000. 9.0  1.194 20.565 21.776 19.778 19.500 20.492 8.390E+09
  2250. 9.0  1.194 20.053 21.409 19.471 19.097 19.530 8.360E+09
  2500. 9.0  1.194 19.596 21.054 19.203 18.759 18.760 8.330E+09
  2750. 9.0  1.194 19.182 20.765 18.978 18.494 18.153 8.297E+09
  3000. 9.0  1.194 18.804 20.485 18.766 18.264 17.647 8.258E+09
  3250. 9.0  1.194 18.456 20.187 18.550 18.052 17.246 8.207E+09
  3500. 9.0  1.194 18.134 19.886 18.337 17.855 16.934 8.132E+09
  3750. 9.0  1.194 17.835 19.566 18.112 17.655 16.696 8.030E+09
  4000. 9.0  1.194 17.554 19.226 17.875 17.449 16.501 7.896E+09
  4250. 9.0  1.194 17.291 18.860 17.625 17.233 16.323 7.777E+09
  4500. 9.0  1.194 17.043 18.479 17.364 17.007 16.150 7.659E+09
  4750. 9.0  1.194 16.808 18.090 17.096 16.772 15.974 7.528E+09
  5000. 9.0  1.194 16.585 17.704 16.825 16.532 15.795 7.365E+09
  5250. 9.0  1.194 16.373 17.339 16.560 16.297 15.621 7.155E+09
  5500. 9.0  1.194 16.171 17.000 16.311 16.074 15.454 6.829E+09
  6000. 9.0  1.195 15.793 16.412 15.874 15.682 15.159 5.727E+09
  6500. 9.0  1.195 15.445 15.940 15.519 15.361 14.917 4.989E+09
  7000. 9.0  1.195 15.122 15.561 15.223 15.093 14.714 4.544E+09
  7500. 9.0  1.196 14.823 15.244 14.965 14.858 14.534 4.164E+09
  8000. 9.0  1.196 14.542 14.970 14.732 14.643 14.367 3.822E+09
  8500. 9.0  1.196 14.279 14.726 14.518 14.444 14.210 3.514E+09
  9000. 9.0  1.196 14.030 14.506 14.319 14.258 14.063 3.230E+09
  9500. 9.0  1.197 13.795 14.303 14.131 14.083 13.924 2.974E+09
 10000. 9.0  1.197 13.572 14.116 13.955 13.918 13.793 2.744E+09
 10500. 9.0  1.197 13.360 13.942 13.790 13.764 13.671 2.536E+09
 11000. 9.0  1.197 13.158 13.784 13.640 13.624 13.561 2.344E+09
 11500. 9.0  1.197 12.965 13.645 13.509 13.503 13.467 2.170E+09
 12000. 9.0  1.198 12.780 13.525 13.399 13.400 13.387 2.009E+09
 12500. 9.0  1.198 12.602 13.418 13.303 13.310 13.318 1.863E+09
 13000. 9.0  1.198 12.432 13.323 13.218 13.232 13.258 1.727E+09
 13500. 9.0  1.198 12.267 13.241 13.145 13.164 13.207 1.600E+09
 14000. 9.0  1.199 12.109 13.174 13.087 13.110 13.167 1.479E+09
 14500. 9.0  1.199 11.957 13.119 13.040 13.066 13.134 1.368E+09
 15000. 9.0  1.199 11.809 13.064 12.993 13.022 13.102 1.262E+09
 15500. 9.0  1.199 11.667 13.004 12.942 12.975 13.067 1.166E+09
 16000. 9.0  1.200 11.529 12.942 12.890 12.927 13.030 1.075E+09
 16500. 9.0  1.200 11.395 12.879 12.839 12.878 12.992 9.911E+08
 17000. 9.0  1.200 11.265 12.816 12.788 12.829 12.953 9.118E+08
 20000. 9.0  1.202 10.558 12.468 12.508 12.558 12.724 5.432E+08
 25000. 9.0  1.204  9.587 11.984 12.107 12.167 12.382 2.778E+08
 30000. 9.0  1.206  8.793 11.538 11.730 11.795 12.046 1.641E+08
 35000. 9.0  1.208  8.121 11.209 11.443 11.512 11.781 1.009E+08
 40000. 9.0  1.210  7.540 11.006 11.262 11.332 11.611 6.282E+07
 45000. 9.0  1.212  7.026 10.861 11.130 11.201 11.487 3.855E+07
 50000. 9.0  1.215  6.567 10.745 11.024 11.096 11.387 2.198E+07
 55000. 9.0  1.217  6.150 10.647 10.934 11.006 11.302 1.005E+07
 60000. 9.0  1.220  5.770 10.562 10.854 10.927 11.226 3.154E+06
 65000. 9.0  1.222  5.421 10.486 10.783 10.857 11.158 1.250E+06
 70000. 9.0  1.224  5.097 10.417 10.719 10.793 11.097 6.591E+05
 75000. 9.0  1.226  4.796 10.354 10.659 10.734 11.040 4.626E+05
 80000. 9.0  1.227  4.514 10.295 10.604 10.678 10.987 3.530E+05
 85000. 9.0  1.229  4.249 10.240 10.552 10.627 10.937 2.749E+05
 90000. 9.0  1.230  4.000 10.188 10.503 10.578 10.889 2.175E+05
100000. 9.0  1.233  3.540 10.093 10.412 10.487 10.802 1.391E+05
110000. 9.0  1.236  3.123 10.006 10.328 10.404 10.721 0.000E+00
120000. 9.0  1.239  2.742  9.925 10.251 10.328 10.647 0.000E+00
130000. 9.0  1.242  2.392  9.850 10.179 10.256 10.577 0.000E+00
140000. 9.0  1.245  2.068  9.780 10.111 10.189 10.511 0.000E+00
150000. 9.0  1.248  1.766  9.714 10.047 10.125 10.449 0.000E+00
