   61  0.9 Mo  Pure-hydrogen grid                Wed Dec 16 08:30:30 2020
 Teff   log g  Mbol   F435W  F555W  F606W  F814W    Age
  1500. 8.488 20.842 21.917 19.741 19.702 21.859 1.356E+10
  1750. 8.488 20.172 21.361 19.250 19.053 20.536 1.341E+10
  2000. 8.488 19.592 20.939 18.876 18.556 19.375 1.322E+10
  2250. 8.488 19.080 20.554 18.573 18.154 18.450 1.298E+10
  2500. 8.488 18.623 20.215 18.314 17.835 17.718 1.272E+10
  2750. 8.488 18.209 19.908 18.092 17.579 17.114 1.252E+10
  3000. 8.488 17.830 19.608 17.873 17.352 16.633 1.233E+10
  3250. 8.488 17.483 19.304 17.660 17.149 16.256 1.214E+10
  3500. 8.488 17.160 18.987 17.440 16.951 15.973 1.194E+10
  3750. 8.488 16.860 18.653 17.208 16.749 15.754 1.171E+10
  4000. 8.487 16.580 18.296 16.962 16.536 15.566 1.144E+10
  4250. 8.487 16.316 17.919 16.704 16.313 15.389 1.110E+10
  4500. 8.487 16.067 17.522 16.431 16.075 15.209 1.073E+10
  4750. 8.486 15.831 17.117 16.148 15.826 15.022 1.024E+10
  5000. 8.486 15.606 16.718 15.862 15.572 14.833 9.624E+09
  5250. 8.485 15.392 16.346 15.590 15.330 14.652 8.704E+09
  5500. 8.483 15.186 16.004 15.337 15.102 14.481 7.423E+09
  6000. 8.480 14.801 15.418 14.899 14.708 14.184 5.593E+09
  6500. 8.478 14.449 14.955 14.545 14.388 13.943 4.723E+09
  7000. 8.477 14.123 14.578 14.244 14.114 13.735 3.998E+09
  7500. 8.476 13.821 14.258 13.977 13.869 13.546 3.384E+09
  8000. 8.475 13.537 13.977 13.735 13.644 13.370 2.844E+09
  8500. 8.473 13.271 13.725 13.510 13.435 13.206 2.382E+09
  9000. 8.472 13.020 13.495 13.301 13.240 13.052 1.976E+09
  9500. 8.471 12.782 13.282 13.104 13.056 12.907 1.633E+09
 10000. 8.470 12.556 13.086 12.919 12.884 12.772 1.351E+09
 10500. 8.469 12.341 12.906 12.750 12.727 12.650 1.147E+09
 11000. 8.467 12.136 12.747 12.601 12.589 12.544 1.011E+09
 11500. 8.466 11.940 12.611 12.476 12.473 12.456 8.961E+08
 12000. 8.465 11.752 12.494 12.370 12.375 12.382 7.985E+08
 12500. 8.464 11.572 12.393 12.280 12.292 12.320 7.146E+08
 13000. 8.463 11.399 12.310 12.208 12.225 12.270 6.421E+08
 13500. 8.462 11.233 12.244 12.151 12.173 12.232 5.788E+08
 14000. 8.461 11.072 12.178 12.095 12.121 12.193 5.232E+08
 14500. 8.460 10.917 12.106 12.035 12.064 12.151 4.744E+08
 15000. 8.458 10.767 12.031 11.974 12.007 12.106 4.315E+08
 15500. 8.457 10.622 11.958 11.914 11.950 12.060 3.936E+08
 16000. 8.456 10.482 11.887 11.857 11.895 12.015 3.599E+08
 16500. 8.455 10.346 11.818 11.802 11.841 11.970 3.299E+08
 17000. 8.454 10.213 11.752 11.749 11.790 11.927 3.028E+08
 20000. 8.449  9.493 11.395 11.456 11.504 11.679 1.863E+08
 25000. 8.439  8.499 10.894 11.032 11.091 11.312 8.431E+07
 30000. 8.428  7.681 10.430 10.630 10.695 10.951 3.285E+07
 35000. 8.417  6.984 10.070 10.310 10.378 10.652 9.945E+06
 40000. 8.407  6.378  9.840 10.100 10.170 10.453 4.057E+06
 45000. 8.397  5.842  9.670  9.943 10.013 10.303 2.386E+06
 50000. 8.387  5.360  9.531  9.812  9.884 10.178 1.630E+06
 55000. 8.377  4.921  9.409  9.698  9.770 10.068 1.195E+06
 60000. 8.367  4.518  9.299  9.594  9.667  9.967 9.116E+05
 65000. 8.357  4.145  9.198  9.498  9.571  9.874 7.169E+05
 70000. 8.347  3.797  9.104  9.407  9.481  9.786 5.728E+05
 75000. 8.336  3.470  9.013  9.320  9.394  9.701 4.606E+05
 80000. 8.325  3.162  8.926  9.236  9.311  9.619 3.720E+05
 85000. 8.313  2.870  8.842  9.155  9.229  9.540 3.001E+05
 90000. 8.301  2.591  8.759  9.075  9.150  9.461 2.407E+05
100000. 8.275  2.070  8.598  8.918  8.993  9.307 1.501E+05
110000. 8.248  1.588  8.441  8.764  8.840  9.156 0.000E+00
120000. 8.219  1.136  8.284  8.610  8.687  9.005 0.000E+00
130000. 8.187  0.709  8.127  8.456  8.533  8.852 0.000E+00
140000. 8.154  0.305  7.971  8.302  8.379  8.700 0.000E+00
150000. 8.120 -0.080  7.817  8.149  8.227  8.549 0.000E+00
   72  0.9 Mo  Pure-helium grid                  Wed Dec 16 08:30:30 2020
 Teff   log g  Mbol   F435W  F555W  F606W  F814W    Age
  3250. 8.503 17.519 20.016 18.653 18.102 16.802 9.488E+09
  3500. 8.503 17.197 19.341 18.107 17.615 16.433 9.297E+09
  3750. 8.502 16.898 18.724 17.610 17.173 16.100 9.100E+09
  4000. 8.502 16.617 18.180 17.175 16.784 15.810 8.876E+09
  4250. 8.502 16.354 17.695 16.786 16.435 15.551 8.621E+09
  4500. 8.502 16.105 17.269 16.442 16.125 15.316 8.343E+09
  4750. 8.502 15.870 16.886 16.132 15.844 15.104 8.023E+09
  5000. 8.502 15.647 16.535 15.849 15.588 14.912 7.689E+09
  5250. 8.502 15.434 16.218 15.593 15.357 14.739 7.282E+09
  5500. 8.501 15.231 15.933 15.362 15.145 14.577 6.754E+09
  5750. 8.501 15.037 15.671 15.148 14.949 14.428 6.111E+09
  6000. 8.500 14.851 15.429 14.951 14.768 14.289 5.402E+09
  6250. 8.500 14.672 15.205 14.767 14.600 14.161 4.782E+09
  6500. 8.499 14.501 14.998 14.598 14.444 14.041 4.336E+09
  6750. 8.499 14.336 14.805 14.439 14.297 13.927 4.000E+09
  7000. 8.498 14.177 14.626 14.290 14.160 13.820 3.713E+09
  7500. 8.498 13.876 14.301 14.021 13.909 13.625 3.212E+09
  8000. 8.497 13.594 14.014 13.780 13.685 13.447 2.767E+09
  8500. 8.497 13.329 13.771 13.578 13.496 13.297 2.389E+09
  9000. 8.496 13.079 13.540 13.382 13.313 13.150 2.049E+09
  9500. 8.495 12.843 13.333 13.207 13.148 13.019 1.742E+09
 10000. 8.495 12.618 13.148 13.052 13.003 12.903 1.482E+09
 11000. 8.493 12.201 12.829 12.784 12.751 12.699 1.065E+09
 12000. 8.492 11.819 12.563 12.560 12.540 12.531 8.436E+08
 13000. 8.490 11.468 12.334 12.364 12.357 12.382 6.867E+08
 14000. 8.489 11.143 12.134 12.189 12.191 12.247 5.650E+08
 15000. 8.488 10.840 11.954 12.027 12.037 12.117 4.689E+08
 16000. 8.487 10.557 11.789 11.874 11.890 11.991 3.923E+08
 17000. 8.485 10.291 11.639 11.730 11.752 11.868 3.306E+08
 18000. 8.484 10.039 11.502 11.598 11.624 11.753 2.800E+08
 19000. 8.483  9.801 11.382 11.483 11.513 11.652 2.382E+08
 20000. 8.481  9.575 11.276 11.383 11.417 11.567 2.032E+08
 21000. 8.480  9.360 11.184 11.299 11.336 11.495 1.737E+08
 22000. 8.479  9.155 11.106 11.229 11.268 11.437 1.488E+08
 23000. 8.478  8.958 11.044 11.174 11.216 11.392 1.275E+08
 24000. 8.476  8.770 11.002 11.136 11.180 11.361 1.090E+08
 25000. 8.475  8.589 10.972 11.110 11.154 11.340 9.292E+07
 26000. 8.473  8.415 10.941 11.082 11.127 11.317 7.886E+07
 27000. 8.472  8.248 10.902 11.048 11.094 11.289 6.654E+07
 28000. 8.470  8.086 10.856 11.007 11.056 11.256 5.571E+07
 29000. 8.469  7.930 10.805 10.963 11.013 11.220 4.619E+07
 30000. 8.467  7.779 10.750 10.915 10.967 11.181 3.788E+07
 31000. 8.466  7.633 10.693 10.865 10.919 11.140 3.069E+07
 32000. 8.464  7.491 10.635 10.814 10.870 11.097 2.458E+07
 33000. 8.463  7.354 10.577 10.764 10.820 11.052 1.946E+07
 34000. 8.461  7.220 10.520 10.713 10.771 11.008 1.531E+07
 35000. 8.460  7.091 10.464 10.664 10.723 10.964 1.205E+07
 36000. 8.458  6.965 10.408 10.614 10.674 10.920 9.568E+06
 37000. 8.457  6.842 10.353 10.565 10.626 10.877 7.749E+06
 38000. 8.455  6.722 10.299 10.517 10.579 10.833 6.404E+06
 39000. 8.454  6.606 10.245 10.469 10.531 10.790 5.406E+06
 40000. 8.453  6.493 10.191 10.420 10.484 10.747 4.653E+06
 42500. 8.449  6.221 10.047 10.291 10.357 10.630 3.408E+06
 45000. 8.446  5.964  9.907 10.164 10.233 10.517 2.658E+06
 47500. 8.443  5.721  9.718  9.993 10.066 10.364 2.159E+06
 50000. 8.439  5.491  9.499  9.794  9.867 10.163 1.801E+06
 52500. 8.436  5.270  9.412  9.714  9.786 10.082 1.532E+06
 55000. 8.433  5.060  9.362  9.668  9.740 10.038 1.321E+06
 57500. 8.430  4.859  9.322  9.631  9.704 10.003 1.151E+06
 60000. 8.426  4.666  9.287  9.598  9.671  9.971 1.011E+06
 65000. 8.420  4.302  9.219  9.534  9.607  9.910 7.989E+05
 70000. 8.413  3.963  9.148  9.467  9.540  9.846 6.451E+05
 75000. 8.406  3.646  9.073  9.395  9.469  9.779 5.259E+05
 80000. 8.399  3.348  8.995  9.320  9.395  9.707 4.315E+05
 85000. 8.392  3.067  8.915  9.243  9.319  9.634 3.551E+05
 90000. 8.384  2.799  8.834  9.165  9.241  9.560 2.924E+05
100000. 8.368  2.302  8.669  9.006  9.084  9.409 1.948E+05
110000. 8.351  1.846  8.496  8.838  8.918  9.250 1.261E+05
120000. 8.334  1.425  8.303  8.649  8.729  9.063 0.000E+00
130000. 8.315  1.030  8.108  8.454  8.534  8.867 0.000E+00
140000. 8.296  0.659  7.936  8.281  8.360  8.691 0.000E+00
150000. 8.275  0.309  7.784  8.129  8.208  8.538 0.000E+00
