    5   72  Pure-helium grid                     Wed Dec 16 08:28:12 2020
 Teff  log g  M/Mo  Mbol   F435W  F555W  F606W  F814W    Age
  3250. 7.0  0.151 15.703 17.952 16.616 16.086 14.832 3.111E+09
  3500. 7.0  0.151 15.377 17.318 16.105 15.629 14.486 2.829E+09
  3750. 7.0  0.152 15.073 16.849 15.706 15.261 14.181 2.490E+09
  4000. 7.0  0.153 14.787 16.255 15.243 14.856 13.898 2.191E+09
  4250. 7.0  0.154 14.517 15.790 14.870 14.521 13.648 1.941E+09
  4500. 7.0  0.155 14.260 15.378 14.536 14.220 13.419 1.722E+09
  4750. 7.0  0.156 14.015 15.000 14.230 13.942 13.208 1.508E+09
  5000. 7.0  0.158 13.779 14.653 13.947 13.685 13.010 1.309E+09
  5250. 7.0  0.161 13.551 14.330 13.685 13.445 12.825 1.124E+09
  5500. 7.0  0.163 13.331 14.030 13.438 13.219 12.649 9.612E+08
  5750. 7.0  0.166 13.120 13.749 13.208 13.007 12.484 8.329E+08
  6000. 7.0  0.169 12.917 13.489 12.993 12.808 12.327 7.263E+08
  6250. 7.0  0.171 12.726 13.249 12.795 12.626 12.184 6.414E+08
  6500. 7.0  0.173 12.544 13.027 12.612 12.456 12.051 5.680E+08
  6750. 7.0  0.175 12.368 12.823 12.440 12.296 11.924 5.033E+08
  7000. 7.0  0.177 12.198 12.632 12.280 12.146 11.803 4.454E+08
  7500. 7.0  0.181 11.874 12.279 11.983 11.869 11.580 3.459E+08
  8000. 7.0  0.185 11.570 11.970 11.723 11.625 11.382 2.643E+08
  8500. 7.0  0.189 11.282 11.700 11.496 11.412 11.210 1.976E+08
  9000. 7.0  0.193 11.009 11.452 11.287 11.216 11.052 1.434E+08
  9500. 7.0  0.198 10.749 11.227 11.098 11.038 10.908 9.939E+07
 10000. 7.0  0.202 10.504 11.025 10.927 10.877 10.777 6.496E+07
 11000. 7.0  0.207 10.063 10.686 10.639 10.606 10.555 2.762E+07
 12000. 7.0  0.211  9.667 10.403 10.397 10.378 10.371 1.455E+07
 13000. 7.0  0.214  9.302 10.154 10.180 10.172 10.202 8.661E+06
 14000. 7.0  0.217  8.963  9.930  9.979  9.981 10.043 5.343E+06
 15000. 7.0  0.220  8.649  9.729  9.794  9.804  9.893 3.281E+06
 16000. 7.0  0.223  8.356  9.552  9.628  9.645  9.757 2.051E+06
 17000. 7.0  0.225  8.082  9.398  9.483  9.507  9.638 1.321E+06
 18000. 7.0  0.227  7.824  9.267  9.360  9.390  9.537 8.821E+05
 19000. 7.0  0.229  7.580  9.158  9.260  9.295  9.457 6.233E+05
 20000. 7.0  0.231  7.349  9.078  9.188  9.226  9.401 4.619E+05
 21000. 7.0  0.233  7.129  9.035  9.150  9.190  9.371 3.541E+05
 22000. 7.0  0.234  6.919  8.998  9.118  9.160  9.344 2.772E+05
 23000. 7.0  0.236  6.718  8.951  9.078  9.121  9.309 2.188E+05
 24000. 7.0  0.237  6.526  8.884  9.020  9.065  9.258 1.726E+05
 25000. 7.0  0.239  6.343  8.810  8.956  9.003  9.204 1.361E+05
 26000. 7.0  0.240  6.166  8.736  8.894  8.942  9.149 1.079E+05
 27000. 7.0  0.242  5.996  8.665  8.832  8.882  9.095 0.000E+00
 28000. 7.0  0.243  5.830  8.595  8.771  8.822  9.041 0.000E+00
 29000. 7.0  0.245  5.669  8.526  8.710  8.762  8.987 0.000E+00
 30000. 7.0  0.247  5.513  8.458  8.649  8.702  8.932 0.000E+00
 31000. 7.0  0.250  5.360  8.390  8.588  8.643  8.878 0.000E+00
 32000. 7.0  0.252  5.213  8.324  8.528  8.584  8.825 0.000E+00
 33000. 7.0  0.254  5.071  8.259  8.470  8.527  8.772 0.000E+00
 34000. 7.0  0.256  4.933  8.195  8.412  8.471  8.720 0.000E+00
 35000. 7.0  0.258  4.799  8.132  8.355  8.415  8.669 0.000E+00
 36000. 7.0  0.260  4.668  8.068  8.297  8.358  8.617 0.000E+00
 37000. 7.0  0.262  4.540  8.004  8.238  8.300  8.563 0.000E+00
 38000. 7.0  0.264  4.415  7.937  8.178  8.241  8.509 0.000E+00
 39000. 7.0  0.267  4.292  7.868  8.115  8.179  8.452 0.000E+00
 40000. 7.0  0.269  4.172  7.797  8.050  8.115  8.393 0.000E+00
 42500. 7.0  0.275  3.884  7.618  7.886  7.955  8.244 0.000E+00
 45000. 7.0  0.281  3.613  7.355  7.642  7.713  8.009 0.000E+00
 47500. 7.0  0.287  3.357  7.225  7.518  7.587  7.877 0.000E+00
 50000. 7.0  0.292  3.113  7.158  7.454  7.523  7.814 0.000E+00
 52500. 7.0  0.298  2.879  7.099  7.398  7.467  7.760 0.000E+00
 55000. 7.0  0.305  2.654  7.042  7.344  7.414  7.708 0.000E+00
 57500. 7.0  0.311  2.439  6.987  7.291  7.361  7.657 0.000E+00
 60000. 7.0  0.317  2.232  6.933  7.239  7.309  7.607 0.000E+00
 65000. 7.0  0.330  1.842  6.821  7.131  7.203  7.503 0.000E+00
 70000. 7.0  0.343  1.477  6.707  7.021  7.094  7.398 0.000E+00
 75000. 7.0  0.356  1.137  6.596  6.914  6.987  7.295 0.000E+00
 80000. 7.0  0.369  0.818  6.487  6.809  6.883  7.194 0.000E+00
 85000. 7.0  0.382  0.517  6.380  6.705  6.780  7.095 0.000E+00
 90000. 7.0  0.396  0.230  6.275  6.603  6.679  6.997 0.000E+00
100000. 7.0  0.425 -0.305  6.066  6.400  6.478  6.803 0.000E+00
110000. 7.0  0.455 -0.791  5.857  6.197  6.275  6.605 0.000E+00
120000. 7.0  0.482 -1.231  5.638  5.980  6.059  6.388 0.000E+00
130000. 7.0  0.506 -1.633  5.429  5.770  5.848  6.175 0.000E+00
140000. 7.0  0.530 -2.005  5.254  5.595  5.673  5.998 0.000E+00
150000. 7.0  0.557 -2.358  5.099  5.440  5.517  5.842 0.000E+00
  3250. 7.5  0.313 16.161 18.489 17.155 16.619 15.350 6.461E+09
  3500. 7.5  0.313 15.838 17.830 16.622 16.145 14.992 5.716E+09
  3750. 7.5  0.313 15.537 17.260 16.163 15.734 14.682 4.774E+09
  4000. 7.5  0.314 15.256 16.744 15.747 15.362 14.401 4.066E+09
  4250. 7.5  0.314 14.991 16.280 15.372 15.024 14.148 3.560E+09
  4500. 7.5  0.314 14.741 15.858 15.035 14.721 13.922 3.129E+09
  4750. 7.5  0.315 14.505 15.485 14.734 14.449 13.717 2.787E+09
  5000. 7.5  0.316 14.279 15.147 14.460 14.200 13.528 2.483E+09
  5250. 7.5  0.317 14.064 14.838 14.208 13.971 13.354 2.169E+09
  5500. 7.5  0.318 13.858 14.551 13.975 13.758 13.192 1.856E+09
  5750. 7.5  0.320 13.658 14.287 13.758 13.559 13.038 1.548E+09
  6000. 7.5  0.322 13.467 14.040 13.556 13.373 12.894 1.325E+09
  6250. 7.5  0.323 13.285 13.812 13.368 13.200 12.761 1.179E+09
  6500. 7.5  0.324 13.111 13.602 13.194 13.040 12.636 1.068E+09
  6750. 7.5  0.325 12.944 13.405 13.031 12.889 12.518 9.738E+08
  7000. 7.5  0.326 12.783 13.222 12.879 12.747 12.407 8.907E+08
  7500. 7.5  0.328 12.478 12.891 12.601 12.488 12.201 7.509E+08
  8000. 7.5  0.330 12.191 12.599 12.356 12.259 12.018 6.381E+08
  8500. 7.5  0.331 11.922 12.347 12.145 12.062 11.861 5.458E+08
  9000. 7.5  0.333 11.668 12.115 11.951 11.881 11.717 4.693E+08
  9500. 7.5  0.335 11.426 11.907 11.778 11.719 11.588 4.053E+08
 10000. 7.5  0.337 11.197 11.720 11.622 11.573 11.472 3.511E+08
 11000. 7.5  0.341 10.770 11.396 11.349 11.316 11.265 2.654E+08
 12000. 7.5  0.345 10.382 11.123 11.117 11.098 11.090 2.018E+08
 13000. 7.5  0.347 10.026 10.885 10.911 10.904 10.932 1.539E+08
 14000. 7.5  0.350  9.694 10.672 10.722 10.724 10.783 1.174E+08
 15000. 7.5  0.354  9.385 10.478 10.544 10.554 10.639 8.966E+07
 16000. 7.5  0.357  9.095 10.303 10.380 10.396 10.502 6.899E+07
 17000. 7.5  0.360  8.822 10.148 10.232 10.255 10.379 5.376E+07
 18000. 7.5  0.363  8.564 10.013 10.104 10.132 10.271 4.255E+07
 19000. 7.5  0.366  8.320  9.897  9.996 10.028 10.182 3.422E+07
 20000. 7.5  0.369  8.088  9.800  9.907  9.943 10.109 2.787E+07
 21000. 7.5  0.373  7.867  9.727  9.842  9.881 10.056 2.291E+07
 22000. 7.5  0.376  7.656  9.685  9.804  9.845 10.026 1.895E+07
 23000. 7.5  0.379  7.454  9.650  9.772  9.814  9.999 1.571E+07
 24000. 7.5  0.382  7.260  9.605  9.734  9.777  9.966 1.304E+07
 25000. 7.5  0.385  7.075  9.546  9.682  9.727  9.922 1.086E+07
 26000. 7.5  0.388  6.896  9.477  9.622  9.669  9.871 9.083E+06
 27000. 7.5  0.391  6.725  9.406  9.561  9.610  9.819 7.661E+06
 28000. 7.5  0.393  6.559  9.336  9.500  9.551  9.766 6.509E+06
 29000. 7.5  0.396  6.399  9.268  9.441  9.493  9.714 5.571E+06
 30000. 7.5  0.399  6.244  9.202  9.382  9.436  9.662 4.786E+06
 31000. 7.5  0.402  6.094  9.137  9.325  9.379  9.611 4.120E+06
 32000. 7.5  0.404  5.949  9.073  9.269  9.324  9.561 3.541E+06
 33000. 7.5  0.407  5.808  9.010  9.212  9.269  9.511 3.029E+06
 34000. 7.5  0.410  5.671  8.949  9.157  9.215  9.461 2.581E+06
 35000. 7.5  0.412  5.539  8.889  9.103  9.162  9.412 2.193E+06
 36000. 7.5  0.415  5.410  8.828  9.049  9.109  9.364 1.859E+06
 37000. 7.5  0.417  5.284  8.769  8.994  9.056  9.315 1.577E+06
 38000. 7.5  0.420  5.162  8.708  8.940  9.002  9.266 1.343E+06
 39000. 7.5  0.422  5.043  8.648  8.885  8.948  9.217 1.151E+06
 40000. 7.5  0.425  4.927  8.585  8.828  8.893  9.166 9.911E+05
 42500. 7.5  0.430  4.649  8.430  8.688  8.755  9.038 6.778E+05
 45000. 7.5  0.436  4.388  8.229  8.505  8.577  8.875 4.513E+05
 47500. 7.5  0.440  4.141  8.000  8.293  8.363  8.656 2.933E+05
 50000. 7.5  0.445  3.907  7.924  8.222  8.292  8.584 1.941E+05
 52500. 7.5  0.450  3.683  7.874  8.175  8.245  8.539 1.313E+05
 55000. 7.5  0.453  3.473  7.834  8.137  8.208  8.503 0.000E+00
 57500. 7.5  0.455  3.275  7.798  8.104  8.175  8.472 0.000E+00
 60000. 7.5  0.459  3.081  7.759  8.067  8.138  8.437 0.000E+00
 65000. 7.5  0.474  2.699  7.662  7.974  8.046  8.347 0.000E+00
 70000. 7.5  0.486  2.350  7.570  7.886  7.958  8.263 0.000E+00
 75000. 7.5  0.491  2.038  7.490  7.809  7.883  8.191 0.000E+00
 80000. 7.5  0.505  1.729  7.393  7.716  7.790  8.102 0.000E+00
 85000. 7.5  0.521  1.430  7.291  7.617  7.692  8.007 0.000E+00
 90000. 7.5  0.534  1.157  7.200  7.529  7.605  7.924 0.000E+00
100000. 7.5  0.554  0.658  7.030  7.365  7.443  7.768 0.000E+00
110000. 7.5  0.585  0.186  6.838  7.179  7.257  7.588 0.000E+00
120000. 7.5  0.612 -0.241  6.636  6.980  7.059  7.390 0.000E+00
130000. 7.5  0.638 -0.634  6.438  6.781  6.860  7.189 0.000E+00
140000. 7.5  0.662 -0.996  6.272  6.615  6.693  7.020 0.000E+00
150000. 7.5  0.686 -1.334  6.131  6.473  6.551  6.878 0.000E+00
  3250. 8.0  0.567 16.764 19.185 17.836 17.293 16.007 9.230E+09
  3500. 8.0  0.567 16.442 18.510 17.291 16.807 15.639 8.749E+09
  3750. 8.0  0.567 16.142 17.912 16.811 16.379 15.318 8.271E+09
  4000. 8.0  0.568 15.862 17.391 16.392 16.003 15.034 7.781E+09
  4250. 8.0  0.568 15.598 16.912 16.008 15.660 14.779 7.313E+09
  4500. 8.0  0.568 15.349 16.492 15.668 15.352 14.546 6.849E+09
  4750. 8.0  0.568 15.114 16.107 15.358 15.073 14.339 6.374E+09
  5000. 8.0  0.569 14.891 15.764 15.082 14.823 14.151 5.836E+09
  5250. 8.0  0.569 14.678 15.455 14.831 14.594 13.976 5.073E+09
  5500. 8.0  0.570 14.474 15.171 14.599 14.383 13.816 4.166E+09
  5750. 8.0  0.571 14.279 14.909 14.386 14.187 13.667 3.233E+09
  6000. 8.0  0.572 14.093 14.667 14.189 14.007 13.529 2.573E+09
  6250. 8.0  0.573 13.914 14.444 14.005 13.837 13.398 2.175E+09
  6500. 8.0  0.573 13.742 14.236 13.834 13.680 13.276 1.956E+09
  6750. 8.0  0.574 13.577 14.043 13.675 13.533 13.162 1.784E+09
  7000. 8.0  0.574 13.418 13.863 13.525 13.394 13.054 1.631E+09
  7500. 8.0  0.575 13.117 13.537 13.253 13.141 12.855 1.370E+09
  8000. 8.0  0.576 12.835 13.249 13.010 12.914 12.675 1.165E+09
  8500. 8.0  0.577 12.569 13.002 12.805 12.722 12.522 9.989E+08
  9000. 8.0  0.578 12.319 12.772 12.611 12.541 12.378 8.628E+08
  9500. 8.0  0.579 12.083 12.568 12.440 12.381 12.250 7.502E+08
 10000. 8.0  0.580 11.858 12.384 12.287 12.237 12.137 6.559E+08
 11000. 8.0  0.583 11.440 12.067 12.021 11.988 11.936 5.085E+08
 12000. 8.0  0.585 11.058 11.801 11.796 11.777 11.768 4.002E+08
 13000. 8.0  0.587 10.707 11.571 11.599 11.591 11.618 3.181E+08
 14000. 8.0  0.588 10.382 11.368 11.420 11.422 11.479 2.545E+08
 15000. 8.0  0.590 10.079 11.184 11.253 11.263 11.345 2.043E+08
 16000. 8.0  0.592  9.796 11.017 11.096 11.112 11.215 1.641E+08
 17000. 8.0  0.593  9.529 10.866 10.952 10.974 11.093 1.317E+08
 18000. 8.0  0.595  9.278 10.733 10.825 10.852 10.984 1.053E+08
 19000. 8.0  0.597  9.040 10.617 10.716 10.747 10.892 8.365E+07
 20000. 8.0  0.599  8.814 10.518 10.625 10.659 10.816 6.604E+07
 21000. 8.0  0.600  8.599 10.435 10.550 10.587 10.754 5.192E+07
 22000. 8.0  0.602  8.394 10.373 10.494 10.534 10.710 4.083E+07
 23000. 8.0  0.604  8.197 10.335 10.460 10.502 10.682 3.234E+07
 24000. 8.0  0.606  8.009 10.305 10.434 10.477 10.661 2.595E+07
 25000. 8.0  0.608  7.829 10.270 10.403 10.447 10.636 2.122E+07
 26000. 8.0  0.609  7.655 10.225 10.364 10.410 10.604 1.771E+07
 27000. 8.0  0.611  7.488 10.171 10.318 10.365 10.566 1.504E+07
 28000. 8.0  0.613  7.328 10.112 10.267 10.316 10.524 1.298E+07
 29000. 8.0  0.614  7.172 10.051 10.214 10.266 10.481 1.135E+07
 30000. 8.0  0.616  7.022  9.990 10.162 10.214 10.436 1.004E+07
 31000. 8.0  0.618  6.877  9.931 10.110 10.164 10.391 8.956E+06
 32000. 8.0  0.619  6.736  9.872 10.058 10.114 10.346 8.052E+06
 33000. 8.0  0.621  6.600  9.815 10.008 10.065 10.302 7.286E+06
 34000. 8.0  0.623  6.467  9.758  9.958 10.015 10.257 6.632E+06
 35000. 8.0  0.624  6.338  9.702  9.908  9.967 10.213 6.066E+06
 36000. 8.0  0.626  6.213  9.647  9.859  9.919 10.170 5.572E+06
 37000. 8.0  0.627  6.091  9.592  9.810  9.871 10.126 5.139E+06
 38000. 8.0  0.629  5.973  9.537  9.761  9.823 10.082 4.758E+06
 39000. 8.0  0.631  5.857  9.483  9.712  9.775 10.039 4.418E+06
 40000. 8.0  0.632  5.744  9.428  9.662  9.726  9.994 4.115E+06
 42500. 8.0  0.636  5.474  9.285  9.534  9.601  9.878 3.483E+06
 45000. 8.0  0.640  5.219  9.127  9.391  9.461  9.751 2.984E+06
 47500. 8.0  0.644  4.978  8.893  9.179  9.251  9.551 2.582E+06
 50000. 8.0  0.648  4.748  8.748  9.045  9.116  9.410 2.256E+06
 52500. 8.0  0.652  4.530  8.691  8.993  9.064  9.359 1.986E+06
 55000. 8.0  0.656  4.322  8.651  8.956  9.027  9.324 1.760E+06
 57500. 8.0  0.660  4.122  8.615  8.923  8.994  9.292 1.568E+06
 60000. 8.0  0.663  3.931  8.581  8.891  8.963  9.262 1.403E+06
 65000. 8.0  0.671  3.571  8.512  8.826  8.898  9.201 1.138E+06
 70000. 8.0  0.679  3.237  8.441  8.758  8.831  9.136 9.357E+05
 75000. 8.0  0.686  2.925  8.366  8.686  8.760  9.069 7.755E+05
 80000. 8.0  0.694  2.633  8.290  8.614  8.688  9.000 6.435E+05
 85000. 8.0  0.701  2.358  8.214  8.541  8.616  8.931 5.352E+05
 90000. 8.0  0.709  2.098  8.138  8.468  8.544  8.863 4.446E+05
100000. 8.0  0.724  1.618  7.988  8.324  8.401  8.727 2.987E+05
110000. 8.0  0.739  1.182  7.833  8.175  8.254  8.585 1.879E+05
120000. 8.0  0.754  0.782  7.662  8.007  8.086  8.420 1.062E+05
130000. 8.0  0.769  0.413  7.489  7.834  7.914  8.245 0.000E+00
140000. 8.0  0.784  0.070  7.344  7.688  7.767  8.097 0.000E+00
150000. 8.0  0.798 -0.248  7.224  7.568  7.646  7.975 0.000E+00
  3250. 8.5  0.898 17.515 20.012 18.648 18.097 16.798 9.499E+09
  3500. 8.5  0.898 17.193 19.337 18.102 17.611 16.428 9.307E+09
  3750. 8.5  0.898 16.893 18.719 17.606 17.168 16.096 9.108E+09
  4000. 8.5  0.898 16.613 18.176 17.171 16.779 15.806 8.883E+09
  4250. 8.5  0.898 16.350 17.690 16.782 16.431 15.547 8.627E+09
  4500. 8.5  0.898 16.101 17.265 16.439 16.122 15.312 8.347E+09
  4750. 8.5  0.899 15.866 16.882 16.128 15.840 15.100 8.025E+09
  5000. 8.5  0.899 15.644 16.531 15.845 15.585 14.909 7.690E+09
  5250. 8.5  0.899 15.431 16.215 15.591 15.354 14.736 7.282E+09
  5500. 8.5  0.899 15.229 15.931 15.360 15.143 14.575 6.753E+09
  5750. 8.5  0.899 15.036 15.669 15.147 14.948 14.426 6.109E+09
  6000. 8.5  0.900 14.850 15.428 14.950 14.768 14.289 5.401E+09
  6250. 8.5  0.900 14.673 15.205 14.768 14.601 14.161 4.783E+09
  6500. 8.5  0.900 14.502 14.999 14.599 14.445 14.042 4.338E+09
  6750. 8.5  0.901 14.338 14.807 14.441 14.299 13.929 4.003E+09
  7000. 8.5  0.901 14.179 14.628 14.293 14.162 13.823 3.717E+09
  7500. 8.5  0.901 13.879 14.305 14.024 13.913 13.629 3.218E+09
  8000. 8.5  0.902 13.599 14.019 13.785 13.690 13.452 2.777E+09
  8500. 8.5  0.902 13.335 13.777 13.584 13.502 13.303 2.401E+09
  9000. 8.5  0.903 13.086 13.547 13.389 13.320 13.157 2.063E+09
  9500. 8.5  0.903 12.851 13.341 13.216 13.157 13.027 1.760E+09
 10000. 8.5  0.904 12.627 13.157 13.061 13.012 12.912 1.502E+09
 11000. 8.5  0.904 12.212 12.840 12.795 12.762 12.711 1.081E+09
 12000. 8.5  0.905 11.833 12.577 12.574 12.555 12.545 8.543E+08
 13000. 8.5  0.906 11.485 12.351 12.381 12.373 12.399 6.961E+08
 14000. 8.5  0.907 11.162 12.153 12.208 12.210 12.265 5.750E+08
 15000. 8.5  0.908 10.861 11.975 12.048 12.058 12.138 4.782E+08
 16000. 8.5  0.909 10.580 11.813 11.898 11.914 12.015 4.011E+08
 17000. 8.5  0.909 10.316 11.665 11.756 11.777 11.894 3.390E+08
 18000. 8.5  0.910 10.067 11.530 11.626 11.652 11.781 2.882E+08
 19000. 8.5  0.911  9.831 11.412 11.513 11.543 11.682 2.460E+08
 20000. 8.5  0.912  9.607 11.308 11.416 11.449 11.599 2.107E+08
 21000. 8.5  0.913  9.394 11.218 11.333 11.370 11.529 1.809E+08
 22000. 8.5  0.913  9.191 11.142 11.265 11.304 11.473 1.558E+08
 23000. 8.5  0.914  8.997 11.081 11.211 11.253 11.429 1.342E+08
 24000. 8.5  0.915  8.811 11.040 11.175 11.218 11.400 1.156E+08
 25000. 8.5  0.916  8.633 11.013 11.150 11.195 11.380 9.935E+07
 26000. 8.5  0.917  8.462 10.984 11.125 11.171 11.360 8.515E+07
 27000. 8.5  0.918  8.297 10.948 11.094 11.141 11.335 7.268E+07
 28000. 8.5  0.919  8.138 10.906 11.057 11.106 11.305 6.170E+07
 29000. 8.5  0.919  7.984 10.858 11.016 11.066 11.272 5.200E+07
 30000. 8.5  0.920  7.836 10.806 10.971 11.023 11.237 4.345E+07
 31000. 8.5  0.921  7.693 10.753 10.924 10.978 11.198 3.595E+07
 32000. 8.5  0.922  7.554 10.698 10.877 10.932 11.158 2.944E+07
 33000. 8.5  0.923  7.419 10.643 10.829 10.885 11.117 2.383E+07
 34000. 8.5  0.924  7.288 10.589 10.782 10.839 11.076 1.910E+07
 35000. 8.5  0.925  7.161 10.536 10.735 10.793 11.035 1.520E+07
 36000. 8.5  0.926  7.038 10.482 10.688 10.747 10.993 1.206E+07
 37000. 8.5  0.927  6.918 10.430 10.642 10.702 10.952 9.630E+06
 38000. 8.5  0.927  6.801 10.378 10.596 10.658 10.912 7.773E+06
 39000. 8.5  0.928  6.687 10.327 10.550 10.613 10.872 6.378E+06
 40000. 8.5  0.929  6.576 10.276 10.504 10.568 10.831 5.341E+06
 42500. 8.5  0.931  6.311 10.138 10.382 10.448 10.720 3.720E+06
 45000. 8.5  0.933  6.060 10.006 10.262 10.331 10.614 2.805E+06
 47500. 8.5  0.935  5.823  9.829 10.103 10.176 10.473 2.223E+06
 50000. 8.5  0.937  5.599  9.612  9.906  9.979 10.276 1.824E+06
 52500. 8.5  0.938  5.385  9.524  9.826  9.898 10.194 1.531E+06
 55000. 8.5  0.940  5.181  9.478  9.784  9.857 10.154 1.307E+06
 57500. 8.5  0.942  4.985  9.444  9.753  9.826 10.125 1.130E+06
 60000. 8.5  0.944  4.799  9.415  9.726  9.799 10.100 9.866E+05
 65000. 8.5  0.947  4.447  9.359  9.674  9.748 10.051 7.709E+05
 70000. 8.5  0.950  4.121  9.302  9.621  9.695 10.001 6.161E+05
 75000. 8.5  0.954  3.818  9.242  9.564  9.638  9.947 4.993E+05
 80000. 8.5  0.957  3.534  9.178  9.503  9.578  9.891 4.069E+05
 85000. 8.5  0.960  3.267  9.113  9.441  9.517  9.833 3.324E+05
 90000. 8.5  0.964  3.015  9.048  9.379  9.455  9.774 2.716E+05
100000. 8.5  0.970  2.550  8.915  9.252  9.330  9.656 1.786E+05
110000. 8.5  0.977  2.128  8.777  9.120  9.199  9.531 1.115E+05
120000. 8.5  0.984  1.743  8.621  8.967  9.047  9.382 0.000E+00
130000. 8.5  0.990  1.388  8.466  8.813  8.893  9.226 0.000E+00
140000. 8.5  0.997  1.060  8.337  8.683  8.762  9.094 0.000E+00
150000. 8.5  1.003  0.754  8.230  8.575  8.654  8.985 0.000E+00
  3250. 9.0  1.186 18.464 21.057 19.672 19.112 17.795 6.395E+09
  3500. 9.0  1.186 18.142 20.352 19.102 18.604 17.408 6.310E+09
  3750. 9.0  1.186 17.842 19.725 18.597 18.153 17.069 6.190E+09
  4000. 9.0  1.186 17.562 19.177 18.155 17.757 16.768 6.070E+09
  4250. 9.0  1.186 17.298 18.665 17.749 17.396 16.505 5.961E+09
  4500. 9.0  1.186 17.050 18.230 17.400 17.082 16.272 5.857E+09
  4750. 9.0  1.186 16.815 17.843 17.087 16.799 16.058 5.751E+09
  5000. 9.0  1.186 16.593 17.497 16.805 16.543 15.862 5.638E+09
  5250. 9.0  1.186 16.381 17.178 16.547 16.308 15.685 5.506E+09
  5500. 9.0  1.186 16.179 16.885 16.312 16.094 15.525 5.337E+09
  5750. 9.0  1.186 15.985 16.621 16.098 15.900 15.378 5.106E+09
  6000. 9.0  1.186 15.801 16.381 15.902 15.719 15.240 4.811E+09
  6250. 9.0  1.186 15.623 16.158 15.720 15.552 15.112 4.476E+09
  6500. 9.0  1.186 15.453 15.951 15.551 15.397 14.994 4.171E+09
  6750. 9.0  1.186 15.289 15.759 15.394 15.253 14.883 3.938E+09
  7000. 9.0  1.186 15.131 15.582 15.248 15.118 14.779 3.755E+09
  7500. 9.0  1.187 14.831 15.260 14.982 14.871 14.586 3.454E+09
  8000. 9.0  1.187 14.551 14.976 14.745 14.650 14.414 3.190E+09
  8500. 9.0  1.187 14.287 14.739 14.550 14.469 14.270 2.952E+09
  9000. 9.0  1.187 14.039 14.509 14.356 14.286 14.125 2.735E+09
  9500. 9.0  1.187 13.804 14.302 14.180 14.121 13.992 2.534E+09
 10000. 9.0  1.187 13.581 14.116 14.022 13.974 13.874 2.350E+09
 11000. 9.0  1.187 13.167 13.797 13.753 13.720 13.669 2.032E+09
 12000. 9.0  1.188 12.789 13.533 13.532 13.512 13.503 1.766E+09
 13000. 9.0  1.188 12.441 13.309 13.341 13.333 13.358 1.537E+09
 14000. 9.0  1.188 12.119 13.113 13.171 13.174 13.228 1.338E+09
 15000. 9.0  1.188 11.819 12.939 13.016 13.027 13.106 1.163E+09
 16000. 9.0  1.189 11.539 12.781 12.871 12.888 12.988 1.009E+09
 17000. 9.0  1.189 11.275 12.636 12.734 12.756 12.872 8.721E+08
 18000. 9.0  1.189 11.027 12.502 12.604 12.631 12.759 7.478E+08
 19000. 9.0  1.189 10.792 12.381 12.486 12.517 12.654 6.362E+08
 20000. 9.0  1.190 10.569 12.272 12.382 12.416 12.561 5.421E+08
 21000. 9.0  1.190 10.356 12.176 12.293 12.330 12.483 4.646E+08
 22000. 9.0  1.190 10.154 12.091 12.215 12.255 12.417 3.982E+08
 23000. 9.0  1.190  9.961 12.018 12.149 12.192 12.362 3.439E+08
 24000. 9.0  1.191  9.776 11.957 12.095 12.140 12.317 3.045E+08
 25000. 9.0  1.191  9.598 11.910 12.055 12.101 12.284 2.742E+08
 26000. 9.0  1.191  9.428 11.879 12.027 12.074 12.262 2.477E+08
 27000. 9.0  1.192  9.263 11.853 12.004 12.052 12.244 2.241E+08
 28000. 9.0  1.192  9.105 11.824 11.979 12.028 12.223 2.029E+08
 29000. 9.0  1.192  8.952 11.790 11.949 12.000 12.200 1.839E+08
 30000. 9.0  1.192  8.805 11.752 11.915 11.967 12.173 1.669E+08
 31000. 9.0  1.193  8.662 11.709 11.878 11.932 12.143 1.517E+08
 32000. 9.0  1.193  8.524 11.664 11.838 11.893 12.111 1.380E+08
 33000. 9.0  1.193  8.390 11.615 11.795 11.852 12.077 1.256E+08
 34000. 9.0  1.194  8.260 11.564 11.751 11.809 12.039 1.143E+08
 35000. 9.0  1.194  8.134 11.512 11.706 11.765 12.001 1.041E+08
 36000. 9.0  1.194  8.012 11.461 11.661 11.722 11.962 9.486E+07
 37000. 9.0  1.195  7.892 11.410 11.616 11.677 11.922 8.639E+07
 38000. 9.0  1.195  7.776 11.360 11.572 11.634 11.883 7.863E+07
 39000. 9.0  1.195  7.663 11.310 11.528 11.591 11.844 7.152E+07
 40000. 9.0  1.195  7.553 11.261 11.484 11.548 11.806 6.499E+07
 42500. 9.0  1.196  7.289 11.123 11.362 11.429 11.696 5.086E+07
 45000. 9.0  1.197  7.040 11.003 11.254 11.323 11.600 3.936E+07
 47500. 9.0  1.198  6.804 10.863 11.128 11.200 11.489 2.993E+07
 50000. 9.0  1.199  6.581 10.660 10.945 11.020 11.319 2.207E+07
 52500. 9.0  1.200  6.368 10.507 10.807 10.880 11.178 1.552E+07
 55000. 9.0  1.201  6.165 10.440 10.746 10.819 11.118 1.015E+07
 57500. 9.0  1.202  5.971 10.399 10.708 10.782 11.082 5.855E+06
 60000. 9.0  1.203  5.785 10.367 10.679 10.753 11.055 3.049E+06
 65000. 9.0  1.205  5.436 10.313 10.630 10.704 11.010 1.241E+06
 70000. 9.0  1.206  5.113 10.263 10.584 10.658 10.966 7.204E+05
 75000. 9.0  1.207  4.812 10.211 10.535 10.610 10.921 4.972E+05
 80000. 9.0  1.209  4.531 10.157 10.483 10.559 10.872 3.763E+05
 85000. 9.0  1.210  4.266 10.099 10.428 10.504 10.821 2.937E+05
 90000. 9.0  1.211  4.017 10.039 10.371 10.448 10.768 2.333E+05
100000. 9.0  1.213  3.558  9.916 10.254 10.332 10.659 1.510E+05
110000. 9.0  1.215  3.142  9.785 10.128 10.208 10.541 0.000E+00
120000. 9.0  1.217  2.762  9.636  9.983 10.064 10.400 0.000E+00
130000. 9.0  1.219  2.413  9.490  9.837  9.917 10.253 0.000E+00
140000. 9.0  1.221  2.089  9.366  9.713  9.793 10.127 0.000E+00
150000. 9.0  1.223  1.788  9.268  9.615  9.694 10.027 0.000E+00
