   61  1.1 Mo  Pure-hydrogen grid                Wed Dec 16 08:30:30 2020
 Teff   log g  Mbol   F435W  F555W  F606W  F814W    Age
  1500. 8.811 21.431 22.424 20.353 20.320 22.398 1.045E+10
  1750. 8.811 20.761 21.877 19.804 19.645 21.220 1.040E+10
  2000. 8.811 20.181 21.444 19.418 19.126 20.060 1.035E+10
  2250. 8.811 19.670 21.071 19.114 18.724 19.112 1.030E+10
  2500. 8.811 19.212 20.721 18.849 18.393 18.351 1.023E+10
  2750. 8.811 18.798 20.424 18.625 18.131 17.746 1.015E+10
  3000. 8.811 18.420 20.138 18.411 17.902 17.248 1.005E+10
  3250. 8.811 18.072 19.837 18.197 17.693 16.855 9.916E+09
  3500. 8.811 17.750 19.530 17.982 17.496 16.553 9.783E+09
  3750. 8.811 17.451 19.205 17.754 17.296 16.323 9.665E+09
  4000. 8.811 17.170 18.858 17.513 17.087 16.131 9.537E+09
  4250. 8.811 16.906 18.488 17.260 16.869 15.953 9.384E+09
  4500. 8.810 16.658 18.101 16.996 16.639 15.778 9.218E+09
  4750. 8.810 16.422 17.706 16.722 16.399 15.599 9.014E+09
  5000. 8.810 16.199 17.315 16.445 16.153 15.416 8.744E+09
  5250. 8.810 15.986 16.948 16.178 15.916 15.239 8.372E+09
  5500. 8.809 15.782 16.607 15.927 15.690 15.070 7.738E+09
  6000. 8.807 15.400 16.018 15.488 15.296 14.772 6.148E+09
  6500. 8.806 15.050 15.549 15.132 14.975 14.530 5.345E+09
  7000. 8.805 14.726 15.171 14.834 14.705 14.326 4.771E+09
  7500. 8.804 14.424 14.852 14.573 14.465 14.142 4.278E+09
  8000. 8.804 14.142 14.575 14.336 14.246 13.971 3.843E+09
  8500. 8.803 13.877 14.328 14.118 14.043 13.811 3.457E+09
  9000. 8.802 13.627 14.104 13.914 13.853 13.660 3.115E+09
  9500. 8.802 13.391 13.897 13.722 13.674 13.518 2.802E+09
 10000. 8.801 13.166 13.706 13.542 13.506 13.385 2.524E+09
 10500. 8.800 12.953 13.529 13.374 13.349 13.262 2.271E+09
 11000. 8.800 12.749 13.370 13.224 13.209 13.152 2.044E+09
 11500. 8.799 12.554 13.231 13.094 13.089 13.060 1.839E+09
 12000. 8.798 12.367 13.111 12.985 12.987 12.981 1.652E+09
 12500. 8.797 12.188 13.004 12.889 12.898 12.913 1.485E+09
 13000. 8.796 12.015 12.912 12.807 12.822 12.856 1.328E+09
 13500. 8.796 11.850 12.837 12.741 12.761 12.810 1.182E+09
 14000. 8.795 11.690 12.772 12.685 12.709 12.772 1.051E+09
 14500. 8.794 11.536 12.713 12.634 12.662 12.737 9.317E+08
 15000. 8.793 11.387 12.650 12.582 12.613 12.700 8.270E+08
 15500. 8.793 11.242 12.584 12.527 12.561 12.660 7.340E+08
 16000. 8.792 11.103 12.517 12.471 12.508 12.619 6.557E+08
 16500. 8.791 10.967 12.449 12.417 12.456 12.577 5.953E+08
 17000. 8.791 10.836 12.384 12.364 12.405 12.535 5.482E+08
 20000. 8.786 10.120 12.028 12.075 12.124 12.294 3.489E+08
 25000. 8.780  9.135 11.531 11.660 11.720 11.937 1.810E+08
 30000. 8.773  8.326 11.073 11.268 11.333 11.586 9.963E+07
 35000. 8.767  7.640 10.727 10.963 11.032 11.303 5.407E+07
 40000. 8.760  7.042 10.507 10.765 10.834 11.115 2.659E+07
 45000. 8.752  6.513 10.345 10.615 10.686 10.974 9.948E+06
 50000. 8.745  6.036 10.211 10.491 10.563 10.855 2.971E+06
 55000. 8.738  5.605 10.099 10.386 10.458 10.755 1.460E+06
 60000. 8.732  5.212  9.999 10.293 10.365 10.665 9.369E+05
 65000. 8.726  4.849  9.909 10.208 10.281 10.583 6.704E+05
 70000. 8.720  4.512  9.826 10.129 10.203 10.507 5.089E+05
 75000. 8.714  4.197  9.749 10.055 10.129 10.436 3.982E+05
 80000. 8.707  3.902  9.676  9.985 10.060 10.368 3.170E+05
 85000. 8.701  3.623  9.606  9.918  9.993 10.303 2.542E+05
 90000. 8.695  3.359  9.540  9.854  9.929 10.241 2.041E+05
100000. 8.682  2.869  9.413  9.732  9.808 10.122 1.298E+05
110000. 8.669  2.422  9.293  9.616  9.692 10.009 0.000E+00
120000. 8.655  2.009  9.178  9.504  9.581  9.899 0.000E+00
130000. 8.641  1.626  9.068  9.397  9.474  9.794 0.000E+00
140000. 8.626  1.268  8.962  9.293  9.370  9.692 0.000E+00
150000. 8.611  0.931  8.860  9.193  9.270  9.594 0.000E+00
   72  1.1 Mo  Pure-helium grid                  Wed Dec 16 08:30:30 2020
 Teff   log g  Mbol   F435W  F555W  F606W  F814W    Age
  3250. 8.827 18.114 20.674 19.297 18.740 17.429 7.622E+09
  3500. 8.827 17.792 19.980 18.736 18.239 17.048 7.489E+09
  3750. 8.827 17.492 19.355 18.232 17.790 16.709 7.374E+09
  4000. 8.827 17.212 18.809 17.793 17.397 16.414 7.255E+09
  4250. 8.827 16.948 18.306 17.392 17.040 16.152 7.124E+09
  4500. 8.827 16.700 17.874 17.046 16.728 15.919 6.988E+09
  4750. 8.827 16.465 17.489 16.734 16.446 15.705 6.845E+09
  5000. 8.827 16.242 17.141 16.452 16.189 15.510 6.675E+09
  5250. 8.827 16.030 16.822 16.194 15.956 15.335 6.478E+09
  5500. 8.827 15.828 16.532 15.960 15.743 15.175 6.199E+09
  5750. 8.827 15.634 16.269 15.746 15.548 15.026 5.841E+09
  6000. 8.826 15.448 16.028 15.549 15.367 14.888 5.392E+09
  6250. 8.826 15.270 15.804 15.367 15.199 14.760 4.923E+09
  6500. 8.826 15.099 15.597 15.198 15.044 14.641 4.551E+09
  6750. 8.826 14.935 15.405 15.040 14.898 14.529 4.273E+09
  7000. 8.825 14.776 15.227 14.893 14.762 14.424 4.055E+09
  7500. 8.825 14.476 14.904 14.625 14.514 14.230 3.668E+09
  8000. 8.825 14.195 14.618 14.387 14.292 14.055 3.329E+09
  8500. 8.824 13.931 14.379 14.189 14.108 13.909 3.026E+09
  9000. 8.824 13.682 14.149 13.994 13.924 13.762 2.754E+09
  9500. 8.824 13.446 13.941 13.818 13.759 13.630 2.512E+09
 10000. 8.823 13.222 13.755 13.660 13.612 13.512 2.291E+09
 11000. 8.823 12.807 13.436 13.391 13.358 13.307 1.910E+09
 12000. 8.822 12.427 13.170 13.168 13.149 13.140 1.590E+09
 13000. 8.821 12.077 12.944 12.976 12.968 12.993 1.317E+09
 14000. 8.820 11.753 12.746 12.803 12.806 12.860 1.087E+09
 15000. 8.819 11.451 12.570 12.645 12.655 12.735 8.863E+08
 16000. 8.819 11.169 12.409 12.497 12.513 12.613 7.163E+08
 17000. 8.818 10.904 12.261 12.356 12.378 12.494 5.813E+08
 18000. 8.817 10.654 12.125 12.225 12.251 12.379 4.877E+08
 19000. 8.816 10.417 12.002 12.106 12.136 12.274 4.232E+08
 20000. 8.815 10.192 11.894 12.003 12.037 12.183 3.696E+08
 21000. 8.815  9.979 11.799 11.915 11.951 12.106 3.243E+08
 22000. 8.814  9.775 11.715 11.839 11.878 12.042 2.854E+08
 23000. 8.813  9.579 11.644 11.775 11.817 11.989 2.519E+08
 24000. 8.812  9.393 11.588 11.725 11.770 11.949 2.229E+08
 25000. 8.811  9.213 11.548 11.690 11.736 11.920 1.976E+08
 26000. 8.811  9.041 11.519 11.664 11.711 11.899 1.757E+08
 27000. 8.810  8.875 11.490 11.639 11.686 11.878 1.565E+08
 28000. 8.809  8.715 11.456 11.608 11.657 11.853 1.396E+08
 29000. 8.808  8.560 11.415 11.573 11.623 11.825 1.244E+08
 30000. 8.807  8.411 11.370 11.533 11.585 11.793 1.110E+08
 31000. 8.806  8.266 11.321 11.490 11.544 11.759 9.896E+07
 32000. 8.805  8.126 11.270 11.445 11.501 11.722 8.815E+07
 33000. 8.805  7.990 11.216 11.398 11.455 11.683 7.838E+07
 34000. 8.804  7.858 11.162 11.351 11.409 11.642 6.955E+07
 35000. 8.803  7.730 11.108 11.303 11.362 11.600 6.155E+07
 36000. 8.802  7.605 11.054 11.256 11.316 11.558 5.428E+07
 37000. 8.801  7.484 11.000 11.208 11.269 11.516 4.768E+07
 38000. 8.800  7.366 10.948 11.162 11.224 11.475 4.169E+07
 39000. 8.799  7.250 10.896 11.115 11.178 11.434 3.625E+07
 40000. 8.798  7.138 10.844 11.069 11.133 11.392 3.131E+07
 42500. 8.795  6.868 10.701 10.942 11.008 11.277 2.088E+07
 45000. 8.793  6.613 10.571 10.824 10.893 11.173 1.287E+07
 47500. 8.790  6.372 10.414 10.682 10.754 11.047 7.134E+06
 50000. 8.787  6.142 10.190 10.479 10.553 10.852 3.864E+06
 52500. 8.785  5.924 10.059 10.360 10.433 10.730 2.403E+06
 55000. 8.782  5.716  9.999 10.306 10.378 10.676 1.706E+06
 57500. 8.780  5.518  9.958 10.268 10.341 10.641 1.310E+06
 60000. 8.778  5.328  9.925 10.237 10.310 10.611 1.054E+06
 65000. 8.774  4.970  9.864 10.180 10.254 10.558 7.422E+05
 70000. 8.770  4.639  9.804 10.124 10.198 10.505 5.592E+05
 75000. 8.767  4.330  9.742 10.064 10.139 10.449 4.372E+05
 80000. 8.763  4.040  9.676 10.002 10.077 10.390 3.488E+05
 85000. 8.759  3.768  9.608  9.936 10.012 10.328 2.816E+05
 90000. 8.756  3.510  9.538  9.870  9.946 10.266 2.282E+05
100000. 8.748  3.034  9.396  9.733  9.812 10.138 1.489E+05
110000. 8.740  2.600  9.247  9.589  9.669 10.002 0.000E+00
120000. 8.732  2.202  9.078  9.424  9.505  9.840 0.000E+00
130000. 8.724  1.834  8.912  9.259  9.339  9.674 0.000E+00
140000. 8.716  1.492  8.769  9.115  9.195  9.528 0.000E+00
150000. 8.708  1.172  8.650  8.996  9.075  9.407 0.000E+00
