   61  1.2 Mo  Pure-hydrogen grid                Wed Dec 16 08:30:30 2020
 Teff   log g  Mbol   F435W  F555W  F606W  F814W    Age
  1500. 9.014 21.844 22.797 20.794 20.750 22.732 8.311E+09
  1750. 9.014 21.175 22.254 20.213 20.067 21.641 8.273E+09
  2000. 9.014 20.595 21.803 19.807 19.529 20.526 8.242E+09
  2250. 9.014 20.084 21.436 19.499 19.126 19.562 8.213E+09
  2500. 9.014 19.626 21.081 19.232 18.789 18.792 8.185E+09
  2750. 9.014 19.212 20.792 19.006 18.523 18.184 8.154E+09
  3000. 9.014 18.834 20.512 18.794 18.293 17.678 8.118E+09
  3250. 9.014 18.486 20.214 18.578 18.080 17.276 8.071E+09
  3500. 9.014 18.164 19.914 18.365 17.883 16.964 8.002E+09
  3750. 9.014 17.865 19.594 18.140 17.683 16.726 7.906E+09
  4000. 9.014 17.584 19.254 17.903 17.477 16.530 7.774E+09
  4250. 9.014 17.321 18.889 17.653 17.261 16.352 7.655E+09
  4500. 9.014 17.072 18.508 17.392 17.035 16.178 7.538E+09
  4750. 9.014 16.837 18.119 17.125 16.800 16.002 7.411E+09
  5000. 9.014 16.614 17.733 16.853 16.560 15.823 7.254E+09
  5250. 9.013 16.401 17.368 16.588 16.325 15.649 7.054E+09
  5500. 9.013 16.198 17.028 16.338 16.101 15.481 6.746E+09
  6000. 9.012 15.818 16.437 15.899 15.707 15.184 5.684E+09
  6500. 9.011 15.468 15.963 15.541 15.384 14.940 4.955E+09
  7000. 9.010 15.144 15.582 15.244 15.115 14.736 4.518E+09
  7500. 9.010 14.844 15.264 14.986 14.878 14.555 4.145E+09
  8000. 9.009 14.562 14.989 14.752 14.662 14.387 3.810E+09
  8500. 9.009 14.298 14.745 14.537 14.463 14.229 3.506E+09
  9000. 9.008 14.048 14.523 14.336 14.276 14.081 3.227E+09
  9500. 9.008 13.812 14.320 14.148 14.100 13.941 2.973E+09
 10000. 9.007 13.588 14.132 13.971 13.934 13.809 2.745E+09
 10500. 9.007 13.375 13.957 13.805 13.779 13.685 2.538E+09
 11000. 9.006 13.172 13.798 13.654 13.638 13.575 2.347E+09
 11500. 9.006 12.977 13.658 13.522 13.516 13.479 2.175E+09
 12000. 9.005 12.791 13.536 13.410 13.411 13.398 2.014E+09
 12500. 9.005 12.612 13.428 13.313 13.321 13.328 1.868E+09
 13000. 9.004 12.441 13.332 13.227 13.241 13.267 1.732E+09
 13500. 9.004 12.275 13.248 13.153 13.172 13.215 1.605E+09
 14000. 9.003 12.116 13.180 13.093 13.116 13.173 1.484E+09
 14500. 9.003 11.962 13.124 13.045 13.071 13.140 1.372E+09
 15000. 9.002 11.814 13.068 12.997 13.027 13.106 1.265E+09
 15500. 9.002 11.670 13.007 12.946 12.979 13.070 1.169E+09
 16000. 9.001 11.531 12.944 12.893 12.929 13.032 1.076E+09
 16500. 9.000 11.396 12.880 12.840 12.879 12.992 9.919E+08
 17000. 9.000 11.265 12.816 12.788 12.829 12.952 9.116E+08
 20000. 8.996 10.550 12.461 12.500 12.550 12.716 5.382E+08
 25000. 8.991  9.568 11.965 12.089 12.148 12.363 2.732E+08
 30000. 8.986  8.762 11.508 11.699 11.765 12.016 1.594E+08
 35000. 8.980  8.079 11.167 11.401 11.469 11.739 9.624E+07
 40000. 8.975  7.486 10.952 11.208 11.278 11.558 5.848E+07
 45000. 8.969  6.960 10.794 11.064 11.135 11.421 3.440E+07
 50000. 8.963  6.488 10.666 10.945 11.017 11.308 1.786E+07
 55000. 8.957  6.057 10.554 10.840 10.913 11.208 6.760E+06
 60000. 8.950  5.662 10.453 10.746 10.819 11.118 1.876E+06
 65000. 8.944  5.301 10.365 10.663 10.736 11.038 9.245E+05
 70000. 8.939  4.967 10.286 10.588 10.661 10.966 6.012E+05
 75000. 8.935  4.655 10.212 10.517 10.592 10.898 4.361E+05
 80000. 8.930  4.363 10.143 10.452 10.526 10.834 3.329E+05
 85000. 8.925  4.088 10.077 10.389 10.464 10.774 2.606E+05
 90000. 8.921  3.829 10.015 10.330 10.405 10.716 2.067E+05
100000. 8.911  3.348  9.898 10.217 10.293 10.607 1.314E+05
110000. 8.902  2.910  9.789 10.112 10.188 10.505 0.000E+00
120000. 8.892  2.507  9.686 10.012 10.088 10.407 0.000E+00
130000. 8.882  2.134  9.587  9.916  9.993 10.314 0.000E+00
140000. 8.871  1.786  9.493  9.824  9.902 10.224 0.000E+00
150000. 8.861  1.461  9.403  9.736  9.814 10.137 0.000E+00
   72  1.2 Mo  Pure-helium grid                  Wed Dec 16 08:30:30 2020
 Teff   log g  Mbol   F435W  F555W  F606W  F814W    Age
  3250. 9.033 18.532 21.131 19.745 19.184 17.866 6.147E+09
  3500. 9.033 18.210 20.425 19.174 18.675 17.478 6.080E+09
  3750. 9.032 17.910 19.797 18.669 18.225 17.139 5.975E+09
  4000. 9.032 17.630 19.248 18.225 17.827 16.838 5.855E+09
  4250. 9.032 17.367 18.735 17.818 17.465 16.574 5.745E+09
  4500. 9.032 17.118 18.299 17.469 17.151 16.340 5.642E+09
  4750. 9.032 16.883 17.911 17.156 16.868 16.126 5.541E+09
  5000. 9.032 16.661 17.565 16.874 16.611 15.930 5.434E+09
  5250. 9.032 16.448 17.246 16.615 16.376 15.753 5.311E+09
  5500. 9.032 16.246 16.954 16.379 16.162 15.593 5.158E+09
  5750. 9.032 16.053 16.689 16.166 15.967 15.445 4.946E+09
  6000. 9.032 15.868 16.448 15.969 15.786 15.307 4.676E+09
  6250. 9.032 15.690 16.224 15.786 15.619 15.179 4.367E+09
  6500. 9.031 15.519 16.017 15.617 15.464 15.060 4.078E+09
  6750. 9.031 15.355 15.825 15.460 15.319 14.949 3.855E+09
  7000. 9.031 15.196 15.647 15.314 15.183 14.845 3.679E+09
  7500. 9.031 14.896 15.325 15.047 14.936 14.652 3.394E+09
  8000. 9.031 14.615 15.040 14.810 14.715 14.479 3.142E+09
  8500. 9.030 14.351 14.804 14.615 14.534 14.334 2.916E+09
  9000. 9.030 14.103 14.574 14.420 14.351 14.189 2.710E+09
  9500. 9.030 13.867 14.366 14.244 14.185 14.056 2.519E+09
 10000. 9.030 13.644 14.179 14.086 14.037 13.937 2.342E+09
 11000. 9.029 13.229 13.859 13.815 13.782 13.731 2.034E+09
 12000. 9.029 12.849 13.594 13.592 13.573 13.564 1.775E+09
 13000. 9.028 12.501 13.368 13.401 13.393 13.418 1.553E+09
 14000. 9.028 12.177 13.172 13.230 13.232 13.286 1.360E+09
 15000. 9.027 11.876 12.996 13.074 13.084 13.163 1.189E+09
 16000. 9.027 11.595 12.837 12.928 12.945 13.044 1.037E+09
 17000. 9.026 11.330 12.692 12.790 12.812 12.927 9.022E+08
 18000. 9.025 11.080 12.557 12.659 12.686 12.813 7.813E+08
 19000. 9.025 10.844 12.434 12.540 12.570 12.707 6.721E+08
 20000. 9.024 10.620 12.324 12.434 12.468 12.613 5.766E+08
 21000. 9.023 10.406 12.225 12.342 12.379 12.532 4.922E+08
 22000. 9.023 10.202 12.139 12.263 12.303 12.465 4.190E+08
 23000. 9.022 10.008 12.064 12.196 12.238 12.408 3.595E+08
 24000. 9.022  9.821 12.001 12.140 12.184 12.362 3.172E+08
 25000. 9.021  9.642 11.953 12.097 12.143 12.327 2.850E+08
 26000. 9.020  9.471 11.920 12.068 12.115 12.303 2.568E+08
 27000. 9.020  9.305 11.892 12.043 12.092 12.283 2.318E+08
 28000. 9.019  9.145 11.862 12.017 12.066 12.261 2.096E+08
 29000. 9.018  8.991 11.827 11.986 12.037 12.236 1.898E+08
 30000. 9.018  8.842 11.788 11.951 12.003 12.209 1.723E+08
 31000. 9.017  8.698 11.744 11.913 11.967 12.178 1.566E+08
 32000. 9.016  8.559 11.698 11.872 11.927 12.145 1.425E+08
 33000. 9.016  8.424 11.648 11.828 11.885 12.109 1.297E+08
 34000. 9.015  8.292 11.596 11.782 11.841 12.071 1.181E+08
 35000. 9.014  8.164 11.543 11.736 11.795 12.031 1.076E+08
 36000. 9.014  8.040 11.490 11.690 11.750 11.990 9.796E+07
 37000. 9.013  7.920 11.437 11.643 11.705 11.949 8.918E+07
 38000. 9.012  7.802 11.386 11.598 11.660 11.909 8.114E+07
 39000. 9.011  7.687 11.335 11.552 11.616 11.869 7.377E+07
 40000. 9.011  7.576 11.284 11.507 11.571 11.828 6.700E+07
 42500. 9.009  7.308 11.141 11.381 11.447 11.714 5.233E+07
 45000. 9.007  7.054 11.018 11.269 11.338 11.615 4.037E+07
 47500. 9.005  6.814 10.873 11.138 11.210 11.499 3.056E+07
 50000. 9.003  6.587 10.667 10.951 11.026 11.325 2.239E+07
 52500. 9.001  6.369 10.508 10.808 10.881 11.179 1.558E+07
 55000. 8.998  6.161 10.436 10.742 10.816 11.114 9.965E+06
 57500. 8.995  5.961 10.389 10.699 10.772 11.072 5.583E+06
 60000. 8.993  5.770 10.352 10.664 10.738 11.040 2.835E+06
 65000. 8.989  5.412 10.290 10.607 10.681 10.986 1.143E+06
 70000. 8.985  5.081 10.233 10.553 10.628 10.936 6.964E+05
 75000. 8.982  4.774 10.174 10.498 10.573 10.884 4.913E+05
 80000. 8.979  4.486 10.113 10.439 10.515 10.829 3.710E+05
 85000. 8.976  4.216 10.049 10.378 10.455 10.771 2.894E+05
 90000. 8.974  3.961  9.983 10.315 10.392 10.712 2.300E+05
100000. 8.968  3.489  9.849 10.186 10.265 10.591 1.485E+05
110000. 8.962  3.062  9.706 10.048 10.128 10.461 0.000E+00
120000. 8.957  2.670  9.544  9.891  9.972 10.308 0.000E+00
130000. 8.951  2.308  9.385  9.732  9.813 10.148 0.000E+00
140000. 8.946  1.972  9.249  9.596  9.676 10.010 0.000E+00
150000. 8.940  1.658  9.138  9.485  9.564  9.897 0.000E+00
