   61  1.3 Mo  Pure-hydrogen grid                Wed Dec 16 08:30:30 2020
 Teff   log g  Mbol   F435W  F555W  F606W  F814W    Age
  1500. 9.301 22.473 23.391 21.462 21.387 23.232 5.635E+09
  1750. 9.301 21.804 22.836 20.870 20.717 22.187 5.613E+09
  2000. 9.301 21.224 22.355 20.411 20.150 21.207 5.582E+09
  2250. 9.301 20.712 21.995 20.100 19.743 20.226 5.561E+09
  2500. 9.301 20.255 21.638 19.824 19.398 19.461 5.544E+09
  2750. 9.301 19.841 21.362 19.598 19.130 18.835 5.529E+09
  3000. 9.301 19.463 21.080 19.382 18.894 18.330 5.515E+09
  3250. 9.301 19.115 20.790 19.164 18.674 17.919 5.500E+09
  3500. 9.301 18.793 20.498 18.951 18.473 17.593 5.484E+09
  3750. 9.301 18.494 20.188 18.730 18.275 17.342 5.462E+09
  4000. 9.301 18.213 19.856 18.497 18.071 17.139 5.435E+09
  4250. 9.301 17.950 19.500 18.251 17.859 16.959 5.392E+09
  4500. 9.300 17.701 19.126 17.996 17.637 16.787 5.320E+09
  4750. 9.300 17.466 18.745 17.735 17.409 16.615 5.207E+09
  5000. 9.300 17.243 18.368 17.472 17.178 16.443 5.087E+09
  5250. 9.300 17.031 18.004 17.210 16.946 16.270 4.960E+09
  5500. 9.300 16.829 17.664 16.962 16.724 16.105 4.811E+09
  6000. 9.299 16.450 17.072 16.523 16.330 15.808 4.312E+09
  6500. 9.299 16.100 16.591 16.162 16.004 15.561 3.789E+09
  7000. 9.298 15.778 16.205 15.864 15.735 15.356 3.503E+09
  7500. 9.298 15.477 15.886 15.608 15.501 15.177 3.282E+09
  8000. 9.298 15.196 15.613 15.379 15.290 15.014 3.083E+09
  8500. 9.298 14.932 15.372 15.168 15.095 14.860 2.901E+09
  9000. 9.297 14.683 15.155 14.973 14.912 14.715 2.736E+09
  9500. 9.297 14.448 14.956 14.789 14.741 14.578 2.585E+09
 10000. 9.297 14.224 14.771 14.616 14.579 14.448 2.444E+09
 10500. 9.296 14.011 14.600 14.453 14.426 14.325 2.315E+09
 11000. 9.296 13.809 14.442 14.302 14.285 14.213 2.195E+09
 11500. 9.296 13.615 14.300 14.167 14.159 14.113 2.083E+09
 12000. 9.295 13.429 14.176 14.052 14.051 14.029 1.977E+09
 12500. 9.295 13.251 14.066 13.952 13.958 13.956 1.875E+09
 13000. 9.295 13.080 13.967 13.863 13.875 13.891 1.781E+09
 13500. 9.294 12.915 13.877 13.784 13.801 13.834 1.693E+09
 14000. 9.294 12.756 13.801 13.717 13.738 13.786 1.609E+09
 14500. 9.294 12.603 13.738 13.662 13.687 13.747 1.529E+09
 15000. 9.293 12.455 13.682 13.613 13.642 13.713 1.453E+09
 15500. 9.293 12.312 13.628 13.567 13.598 13.680 1.382E+09
 16000. 9.293 12.173 13.573 13.520 13.554 13.647 1.316E+09
 16500. 9.292 12.038 13.516 13.471 13.509 13.612 1.251E+09
 17000. 9.292 11.908 13.457 13.422 13.462 13.576 1.190E+09
 20000. 9.290 11.197 13.111 13.141 13.191 13.351 8.825E+08
 25000. 9.286 10.218 12.615 12.733 12.793 13.003 5.202E+08
 30000. 9.282  9.416 12.158 12.346 12.412 12.659 2.933E+08
 35000. 9.277  8.735 11.823 12.055 12.124 12.390 1.796E+08
 40000. 9.273  8.144 11.613 11.867 11.937 12.214 1.211E+08
 45000. 9.269  7.622 11.459 11.727 11.798 12.083 8.240E+07
 50000. 9.264  7.154 11.335 11.613 11.685 11.975 5.657E+07
 55000. 9.260  6.728 11.229 11.514 11.587 11.881 3.805E+07
 60000. 9.255  6.338 11.134 11.425 11.499 11.796 2.437E+07
 65000. 9.250  5.977 11.046 11.343 11.417 11.718 1.410E+07
 70000. 9.243  5.640 10.964 11.265 11.339 11.643 6.490E+06
 75000. 9.236  5.322 10.884 11.189 11.263 11.569 1.626E+06
 80000. 9.231  5.028 10.813 11.122 11.197 11.504 6.275E+05
 85000. 9.226  4.754 10.750 11.061 11.137 11.446 3.969E+05
 90000. 9.223  4.497 10.691 11.005 11.080 11.391 2.867E+05
100000. 9.216  4.022 10.580 10.899 10.975 11.289 1.701E+05
110000. 9.209  3.590 10.479 10.802 10.878 11.195 1.061E+05
120000. 9.202  3.195 10.384 10.710 10.787 11.106 0.000E+00
130000. 9.195  2.829 10.295 10.623 10.701 11.021 0.000E+00
140000. 9.187  2.489 10.209 10.541 10.618 10.941 0.000E+00
150000. 9.180  2.171 10.128 10.461 10.539 10.863 0.000E+00
   72  1.3 Mo  Pure-helium grid                  Wed Dec 16 08:30:30 2020
 Teff   log g  Mbol   F435W  F555W  F606W  F814W    Age
  3250. 9.322 19.169 21.810 20.414 19.849 18.524 4.137E+09
  3500. 9.322 18.847 21.097 19.838 19.335 18.131 4.123E+09
  3750. 9.322 18.547 20.469 19.338 18.891 17.799 4.105E+09
  4000. 9.322 18.267 19.906 18.878 18.477 17.485 4.078E+09
  4250. 9.322 18.004 19.393 18.470 18.114 17.218 4.038E+09
  4500. 9.322 17.755 18.948 18.113 17.794 16.980 3.977E+09
  4750. 9.322 17.520 18.554 17.796 17.508 16.766 3.885E+09
  5000. 9.322 17.298 18.206 17.514 17.251 16.570 3.787E+09
  5250. 9.322 17.086 17.889 17.255 17.015 16.391 3.692E+09
  5500. 9.322 16.883 17.596 17.019 16.800 16.229 3.598E+09
  5750. 9.322 16.690 17.329 16.803 16.604 16.081 3.476E+09
  6000. 9.322 16.505 17.086 16.606 16.423 15.944 3.337E+09
  6250. 9.322 16.328 16.862 16.424 16.257 15.817 3.175E+09
  6500. 9.321 16.157 16.655 16.255 16.101 15.698 3.001E+09
  6750. 9.321 15.993 16.464 16.098 15.957 15.587 2.852E+09
  7000. 9.321 15.835 16.286 15.952 15.822 15.483 2.748E+09
  7500. 9.321 15.534 15.964 15.687 15.576 15.292 2.590E+09
  8000. 9.321 15.254 15.681 15.451 15.357 15.121 2.446E+09
  8500. 9.321 14.990 15.448 15.260 15.178 14.977 2.316E+09
  9000. 9.321 14.742 15.219 15.066 14.997 14.833 2.196E+09
  9500. 9.321 14.507 15.011 14.890 14.832 14.702 2.085E+09
 10000. 9.320 14.284 14.824 14.731 14.682 14.582 1.980E+09
 11000. 9.320 13.869 14.501 14.459 14.426 14.376 1.795E+09
 12000. 9.320 13.490 14.235 14.235 14.215 14.207 1.633E+09
 13000. 9.320 13.142 14.010 14.044 14.036 14.061 1.491E+09
 14000. 9.319 12.819 13.814 13.875 13.877 13.931 1.361E+09
 15000. 9.319 12.519 13.641 13.722 13.732 13.811 1.245E+09
 16000. 9.319 12.238 13.485 13.579 13.596 13.695 1.140E+09
 17000. 9.318 11.974 13.341 13.444 13.467 13.582 1.042E+09
 18000. 9.318 11.724 13.208 13.315 13.343 13.470 9.550E+08
 19000. 9.318 11.489 13.086 13.196 13.227 13.363 8.749E+08
 20000. 9.317 11.265 12.974 13.088 13.123 13.266 8.013E+08
 21000. 9.317 11.052 12.874 12.993 13.031 13.182 7.346E+08
 22000. 9.316 10.849 12.785 12.910 12.951 13.109 6.720E+08
 23000. 9.316 10.655 12.705 12.838 12.881 13.048 6.137E+08
 24000. 9.316 10.470 12.635 12.776 12.821 12.995 5.612E+08
 25000. 9.315 10.291 12.578 12.724 12.772 12.953 5.112E+08
 26000. 9.315 10.120 12.534 12.686 12.735 12.921 4.664E+08
 27000. 9.314  9.955 12.501 12.657 12.706 12.897 4.243E+08
 28000. 9.314  9.796 12.473 12.631 12.682 12.877 3.855E+08
 29000. 9.314  9.642 12.444 12.606 12.658 12.856 3.487E+08
 30000. 9.313  9.494 12.411 12.577 12.630 12.833 3.143E+08
 31000. 9.312  9.350 12.375 12.544 12.599 12.807 2.828E+08
 32000. 9.312  9.211 12.334 12.509 12.565 12.778 2.535E+08
 33000. 9.311  9.076 12.290 12.470 12.527 12.747 2.272E+08
 34000. 9.311  8.944 12.243 12.428 12.487 12.712 2.045E+08
 35000. 9.310  8.817 12.193 12.384 12.444 12.675 1.860E+08
 36000. 9.310  8.693 12.142 12.340 12.401 12.637 1.717E+08
 37000. 9.309  8.573 12.091 12.294 12.357 12.597 1.598E+08
 38000. 9.309  8.456 12.040 12.249 12.313 12.558 1.489E+08
 39000. 9.308  8.342 11.990 12.205 12.269 12.519 1.388E+08
 40000. 9.307  8.231 11.940 12.161 12.226 12.480 1.294E+08
 42500. 9.306  7.964 11.797 12.035 12.102 12.366 1.088E+08
 45000. 9.305  7.712 11.679 11.928 11.998 12.271 9.142E+07
 47500. 9.303  7.474 11.547 11.809 11.881 12.165 7.678E+07
 50000. 9.302  7.247 11.370 11.648 11.724 12.020 6.442E+07
 52500. 9.300  7.032 11.190 11.486 11.561 11.859 5.397E+07
 55000. 9.299  6.826 11.096 11.401 11.475 11.774 4.502E+07
 57500. 9.297  6.629 11.042 11.352 11.426 11.727 3.734E+07
 60000. 9.296  6.440 11.003 11.316 11.390 11.693 3.065E+07
 65000. 9.292  6.083 10.939 11.257 11.332 11.638 1.960E+07
 70000. 9.287  5.750 10.880 11.202 11.277 11.586 1.092E+07
 75000. 9.282  5.438 10.820 11.144 11.220 11.531 4.341E+06
 80000. 9.276  5.142 10.754 11.081 11.157 11.472 1.025E+06
 85000. 9.273  4.870 10.692 11.022 11.098 11.416 5.068E+05
 90000. 9.270  4.615 10.629 10.962 11.039 11.359 3.403E+05
100000. 9.265  4.146 10.499 10.837 10.916 11.243 1.908E+05
110000. 9.261  3.722 10.361 10.704 10.784 11.118 1.173E+05
120000. 9.257  3.334 10.205 10.552 10.633 10.970 0.000E+00
130000. 9.253  2.976 10.050 10.398 10.478 10.815 0.000E+00
140000. 9.249  2.644  9.920 10.268 10.348 10.683 0.000E+00
150000. 9.245  2.334  9.816 10.163 10.243 10.577 0.000E+00
