   61  0.8 Mo  Pure-hydrogen grid                Wed Dec 16 08:30:30 2020
 Teff   log g  Mbol   F435W  F555W  F606W  F814W    Age
  1500. 8.341 20.602 21.716 19.507 19.456 21.593 1.462E+10
  1750. 8.341 19.932 21.164 19.028 18.815 20.242 1.433E+10
  2000. 8.341 19.352 20.733 18.660 18.323 19.091 1.395E+10
  2250. 8.341 18.840 20.343 18.353 17.921 18.176 1.361E+10
  2500. 8.341 18.383 20.009 18.099 17.609 17.456 1.333E+10
  2750. 8.341 17.968 19.698 17.876 17.356 16.856 1.307E+10
  3000. 8.341 17.590 19.395 17.658 17.132 16.383 1.281E+10
  3250. 8.341 17.242 19.089 17.444 16.930 16.014 1.254E+10
  3500. 8.340 16.920 18.767 17.222 16.732 15.739 1.225E+10
  3750. 8.340 16.620 18.430 16.988 16.528 15.524 1.193E+10
  4000. 8.340 16.339 18.070 16.740 16.314 15.338 1.153E+10
  4250. 8.340 16.075 17.688 16.479 16.088 15.160 1.108E+10
  4500. 8.339 15.825 17.286 16.202 15.846 14.977 1.057E+10
  4750. 8.338 15.589 16.875 15.913 15.591 14.787 9.929E+09
  5000. 8.337 15.364 16.473 15.624 15.334 14.595 9.137E+09
  5250. 8.336 15.148 16.099 15.349 15.089 14.411 7.909E+09
  5500. 8.334 14.940 15.755 15.094 14.860 14.238 6.472E+09
  6000. 8.330 14.554 15.171 14.657 14.467 13.942 4.781E+09
  6500. 8.328 14.200 14.710 14.302 14.145 13.700 3.866E+09
  7000. 8.326 13.874 14.333 13.999 13.869 13.490 3.116E+09
  7500. 8.325 13.570 14.011 13.730 13.621 13.299 2.488E+09
  8000. 8.323 13.286 13.728 13.484 13.394 13.121 1.970E+09
  8500. 8.322 13.019 13.473 13.258 13.182 12.955 1.581E+09
  9000. 8.320 12.767 13.240 13.045 12.985 12.799 1.348E+09
  9500. 8.319 12.529 13.025 12.845 12.798 12.653 1.164E+09
 10000. 8.317 12.302 12.826 12.659 12.625 12.517 1.013E+09
 10500. 8.316 12.087 12.645 12.489 12.467 12.396 8.878E+08
 11000. 8.314 11.881 12.487 12.342 12.331 12.292 7.826E+08
 11500. 8.313 11.684 12.352 12.219 12.217 12.206 6.938E+08
 12000. 8.311 11.496 12.236 12.114 12.120 12.133 6.183E+08
 12500. 8.310 11.315 12.140 12.030 12.043 12.076 5.535E+08
 13000. 8.308 11.141 12.062 11.962 11.980 12.030 4.974E+08
 13500. 8.307 10.974 11.994 11.904 11.926 11.991 4.484E+08
 14000. 8.306 10.813 11.922 11.844 11.871 11.949 4.055E+08
 14500. 8.305 10.658 11.845 11.780 11.811 11.903 3.677E+08
 15000. 8.303 10.507 11.767 11.718 11.751 11.855 3.342E+08
 15500. 8.302 10.362 11.693 11.657 11.693 11.808 3.043E+08
 16000. 8.301 10.221 11.620 11.599 11.637 11.761 2.776E+08
 16500. 8.300 10.084 11.551 11.544 11.583 11.715 2.535E+08
 17000. 8.298  9.951 11.485 11.490 11.531 11.670 2.317E+08
 20000. 8.291  9.227 11.126 11.193 11.242 11.419 1.360E+08
 25000. 8.278  8.226 10.620 10.763 10.821 11.044 5.119E+07
 30000. 8.265  7.401 10.151 10.353 10.419 10.676 1.521E+07
 35000. 8.252  6.699  9.785 10.026 10.094 10.369 6.064E+06
 40000. 8.239  6.088  9.548  9.809  9.879 10.163 3.515E+06
 45000. 8.227  5.544  9.370  9.644  9.715 10.005 2.380E+06
 50000. 8.214  5.055  9.222  9.505  9.577  9.871 1.736E+06
 55000. 8.201  4.607  9.092  9.382  9.454  9.752 1.320E+06
 60000. 8.187  4.195  8.973  9.268  9.341  9.642 1.036E+06
 65000. 8.173  3.813  8.862  9.162  9.235  9.538 8.309E+05
 70000. 8.158  3.455  8.757  9.060  9.134  9.439 6.742E+05
 75000. 8.143  3.117  8.654  8.962  9.036  9.343 5.512E+05
 80000. 8.127  2.797  8.555  8.865  8.939  9.248 4.515E+05
 85000. 8.110  2.491  8.456  8.769  8.844  9.154 3.692E+05
 90000. 8.093  2.199  8.359  8.675  8.749  9.061 3.020E+05
100000. 8.054  1.646  8.165  8.484  8.560  8.873 1.974E+05
110000. 8.011  1.124  7.965  8.288  8.364  8.680 1.193E+05
120000. 7.961  0.621  7.755  8.081  8.157  8.475 0.000E+00
130000. 7.902  0.125  7.525  7.854  7.931  8.249 0.000E+00
140000. 7.835 -0.363  7.282  7.612  7.689  8.010 0.000E+00
150000. 7.764 -0.842  7.028  7.361  7.438  7.760 0.000E+00
   72  0.8 Mo  Pure-helium grid                  Wed Dec 16 08:30:30 2020
 Teff   log g  Mbol   F435W  F555W  F606W  F814W    Age
  3250. 8.355 17.278 19.751 18.392 17.844 16.549 9.902E+09
  3500. 8.355 16.956 19.078 17.849 17.359 16.181 9.638E+09
  3750. 8.355 16.656 18.466 17.357 16.920 15.851 9.367E+09
  4000. 8.355 16.375 17.927 16.925 16.535 15.563 9.067E+09
  4250. 8.354 16.112 17.445 16.538 16.189 15.305 8.739E+09
  4500. 8.354 15.863 17.022 16.196 15.879 15.070 8.393E+09
  4750. 8.354 15.628 16.637 15.885 15.598 14.859 7.989E+09
  5000. 8.354 15.404 16.287 15.603 15.343 14.669 7.555E+09
  5250. 8.353 15.192 15.973 15.349 15.112 14.495 7.049E+09
  5500. 8.353 14.988 15.689 15.118 14.901 14.333 6.429E+09
  5750. 8.352 14.794 15.426 14.903 14.705 14.183 5.692E+09
  6000. 8.352 14.607 15.184 14.706 14.524 14.045 4.911E+09
  6250. 8.351 14.428 14.960 14.522 14.355 13.915 4.268E+09
  6500. 8.350 14.256 14.752 14.352 14.198 13.795 3.823E+09
  6750. 8.350 14.090 14.559 14.192 14.051 13.680 3.471E+09
  7000. 8.349 13.931 14.379 14.043 13.913 13.573 3.168E+09
  7500. 8.348 13.629 14.053 13.772 13.661 13.376 2.617E+09
  8000. 8.347 13.347 13.766 13.530 13.435 13.197 2.149E+09
  8500. 8.347 13.082 13.521 13.327 13.245 13.045 1.754E+09
  9000. 8.346 12.831 13.290 13.131 13.061 12.898 1.436E+09
  9500. 8.345 12.594 13.083 12.957 12.898 12.768 1.228E+09
 10000. 8.344 12.369 12.898 12.801 12.752 12.652 1.078E+09
 11000. 8.342 11.951 12.578 12.533 12.500 12.449 8.439E+08
 12000. 8.340 11.568 12.311 12.308 12.289 12.279 6.722E+08
 13000. 8.339 11.216 12.082 12.112 12.104 12.130 5.429E+08
 14000. 8.337 10.890 11.880 11.934 11.936 11.992 4.426E+08
 15000. 8.335 10.587 11.698 11.770 11.779 11.860 3.642E+08
 16000. 8.334 10.302 11.531 11.614 11.630 11.732 3.018E+08
 17000. 8.332 10.035 11.379 11.469 11.490 11.608 2.514E+08
 18000. 8.330  9.782 11.243 11.337 11.363 11.493 2.101E+08
 19000. 8.329  9.543 11.123 11.223 11.253 11.394 1.759E+08
 20000. 8.327  9.317 11.018 11.125 11.159 11.311 1.475E+08
 21000. 8.325  9.101 10.928 11.043 11.080 11.242 1.236E+08
 22000. 8.324  8.894 10.853 10.975 11.015 11.186 1.032E+08
 23000. 8.322  8.697 10.797 10.926 10.967 11.145 8.568E+07
 24000. 8.320  8.508 10.760 10.892 10.936 11.118 7.061E+07
 25000. 8.318  8.326 10.730 10.866 10.910 11.096 5.764E+07
 26000. 8.316  8.151 10.694 10.834 10.880 11.070 4.653E+07
 27000. 8.314  7.982 10.649 10.795 10.841 11.038 3.709E+07
 28000. 8.313  7.819 10.597 10.749 10.798 11.000 2.926E+07
 29000. 8.311  7.662 10.541 10.700 10.750 10.960 2.295E+07
 30000. 8.309  7.510 10.482 10.648 10.701 10.918 1.802E+07
 31000. 8.307  7.363 10.422 10.596 10.650 10.873 1.428E+07
 32000. 8.305  7.220 10.362 10.544 10.599 10.828 1.152E+07
 33000. 8.303  7.082 10.303 10.492 10.548 10.782 9.503E+06
 34000. 8.301  6.948 10.245 10.441 10.498 10.737 8.005E+06
 35000. 8.300  6.818 10.188 10.390 10.449 10.692 6.872E+06
 36000. 8.298  6.691 10.131 10.340 10.399 10.647 5.995E+06
 37000. 8.296  6.568 10.076 10.290 10.351 10.603 5.299E+06
 38000. 8.294  6.448 10.021 10.240 10.302 10.559 4.738E+06
 39000. 8.293  6.331  9.965 10.191 10.254 10.514 4.273E+06
 40000. 8.291  6.216  9.910 10.141 10.205 10.470 3.884E+06
 42500. 8.287  5.942  9.764 10.010 10.076 10.350 3.139E+06
 45000. 8.282  5.683  9.615  9.874  9.944 10.230 2.608E+06
 47500. 8.278  5.438  9.404  9.684  9.757 10.056 2.210E+06
 50000. 8.274  5.204  9.205  9.501  9.573  9.868 1.901E+06
 52500. 8.269  4.981  9.129  9.431  9.503  9.798 1.653E+06
 55000. 8.265  4.768  9.080  9.385  9.457  9.754 1.450E+06
 57500. 8.260  4.563  9.038  9.347  9.419  9.717 1.281E+06
 60000. 8.256  4.367  9.000  9.311  9.383  9.683 1.141E+06
 65000. 8.246  3.996  8.924  9.238  9.311  9.614 9.198E+05
 70000. 8.237  3.651  8.844  9.162  9.236  9.541 7.530E+05
 75000. 8.227  3.326  8.760  9.081  9.155  9.464 6.219E+05
 80000. 8.217  3.020  8.672  8.997  9.071  9.383 5.164E+05
 85000. 8.206  2.730  8.582  8.910  8.985  9.300 4.297E+05
 90000. 8.195  2.454  8.491  8.821  8.897  9.216 3.572E+05
100000. 8.171  1.937  8.305  8.642  8.719  9.045 2.468E+05
110000. 8.145  1.458  8.109  8.451  8.530  8.862 1.656E+05
120000. 8.116  1.008  7.888  8.233  8.313  8.647 0.000E+00
130000. 8.084  0.580  7.657  8.002  8.081  8.413 0.000E+00
140000. 8.047  0.166  7.440  7.785  7.864  8.194 0.000E+00
150000. 8.007 -0.233  7.239  7.583  7.662  7.991 0.000E+00
