   49  0.3 Mo  Pure-hydrogen grid                Wed Dec 16 08:30:30 2020
 Teff   log g  Mbol   F435W  F555W  F606W  F814W    Age
  1500. 7.458 19.460 20.823 18.480 18.301 20.071 1.541E+10
  1750. 7.458 18.790 20.290 18.016 17.697 18.778 1.330E+10
  2000. 7.458 18.209 19.831 17.659 17.228 17.716 1.158E+10
  2250. 7.457 17.696 19.426 17.375 16.868 16.859 1.019E+10
  2500. 7.457 17.238 19.064 17.114 16.568 16.176 9.062E+09
  2750. 7.457 16.823 18.739 16.886 16.328 15.625 8.152E+09
  3000. 7.456 16.444 18.421 16.668 16.118 15.200 7.330E+09
  3250. 7.455 16.094 18.093 16.446 15.917 14.883 6.538E+09
  3500. 7.454 15.770 17.750 16.211 15.713 14.644 5.705E+09
  3750. 7.453 15.467 17.390 15.965 15.500 14.448 4.787E+09
  4000. 7.452 15.183 17.006 15.703 15.273 14.264 4.058E+09
  4250. 7.450 14.915 16.585 15.412 15.020 14.071 3.560E+09
  4500. 7.447 14.659 16.134 15.093 14.739 13.860 3.100E+09
  4750. 7.442 14.412 15.689 14.769 14.450 13.642 2.612E+09
  5000. 7.433 14.168 15.259 14.450 14.164 13.423 2.067E+09
  5250. 7.423 13.929 14.857 14.148 13.892 13.213 1.651E+09
  5500. 7.413 13.704 14.501 13.880 13.648 13.026 1.437E+09
  6000. 7.398 13.289 13.913 13.424 13.235 12.711 1.148E+09
  6500. 7.389 12.918 13.447 13.049 12.893 12.449 9.370E+08
  7000. 7.382 12.577 13.055 12.723 12.592 12.216 7.757E+08
  7500. 7.374 12.260 12.711 12.428 12.319 12.001 6.473E+08
  8000. 7.367 11.961 12.403 12.157 12.066 11.802 5.437E+08
  8500. 7.360 11.679 12.119 11.903 11.830 11.616 4.590E+08
  9000. 7.352 11.412 11.856 11.662 11.606 11.442 3.886E+08
  9500. 7.344 11.157 11.611 11.436 11.396 11.279 3.295E+08
 10000. 7.336 10.914 11.386 11.229 11.204 11.132 2.793E+08
 10500. 7.327 10.681 11.191 11.051 11.040 11.008 2.366E+08
 11000. 7.319 10.459 11.032 10.909 10.909 10.911 2.005E+08
 11500. 7.312 10.247 10.907 10.801 10.809 10.836 1.699E+08
 12000. 7.305 10.044 10.800 10.711 10.726 10.773 1.436E+08
 12500. 7.297  9.848 10.690 10.619 10.638 10.704 1.208E+08
 13000. 7.289  9.658 10.577 10.525 10.548 10.629 1.013E+08
 13500. 7.281  9.474 10.469 10.435 10.462 10.555 8.460E+07
 14000. 7.273  9.295 10.366 10.349 10.378 10.483 7.045E+07
 14500. 7.264  9.121 10.267 10.266 10.298 10.412 5.842E+07
 15000. 7.255  8.952 10.172 10.185 10.219 10.342 4.818E+07
 15500. 7.247  8.788 10.080 10.106 10.141 10.273 3.945E+07
 16000. 7.238  8.628  9.991 10.029 10.066 10.205 3.204E+07
 16500. 7.229  8.472  9.905  9.954  9.993 10.138 2.581E+07
 17000. 7.220  8.320  9.821  9.881  9.921 10.073 2.057E+07
 20000. 7.172  7.494  9.371  9.482  9.529  9.715 4.648E+06
 25000. 7.114  6.380  8.766  8.940  8.997  9.227 5.698E+05
 30000. 7.072  5.483  8.234  8.458  8.522  8.786 1.283E+05
 35000. 7.023  4.692  7.770  8.026  8.093  8.373 0.000E+00
 40000. 6.953  3.936  7.383  7.655  7.724  8.011 0.000E+00
 45000. 6.879  3.240  7.046  7.329  7.399  7.691 0.000E+00
 50000. 6.801  2.588  6.730  7.020  7.091  7.386 0.000E+00
 55000. 6.720  1.972  6.423  6.720  6.791  7.089 0.000E+00
 60000. 6.637  1.385  6.122  6.423  6.495  6.794 0.000E+00
   60  0.3 Mo  Pure-helium grid                  Wed Dec 16 08:30:30 2020
 Teff   log g  Mbol   F435W  F555W  F606W  F814W    Age
  3250. 7.468 16.125 18.449 17.114 16.579 15.311 6.224E+09
  3500. 7.467 15.802 17.790 16.582 16.105 14.953 5.447E+09
  3750. 7.466 15.500 17.223 16.125 15.696 14.642 4.481E+09
  4000. 7.466 15.218 16.704 15.707 15.321 14.360 3.802E+09
  4250. 7.464 14.952 16.239 15.331 14.983 14.106 3.378E+09
  4500. 7.463 14.700 15.816 14.992 14.679 13.880 2.997E+09
  4750. 7.462 14.462 15.442 14.690 14.405 13.673 2.657E+09
  5000. 7.460 14.234 15.102 14.413 14.153 13.482 2.349E+09
  5250. 7.457 14.016 14.789 14.159 13.921 13.304 2.049E+09
  5500. 7.453 13.805 14.498 13.921 13.704 13.137 1.750E+09
  5750. 7.448 13.599 14.227 13.698 13.499 12.977 1.460E+09
  6000. 7.443 13.401 13.974 13.488 13.305 12.826 1.248E+09
  6250. 7.439 13.214 13.740 13.295 13.127 12.688 1.107E+09
  6500. 7.436 13.036 13.526 13.117 12.963 12.558 1.000E+09
  6750. 7.433 12.865 13.325 12.950 12.808 12.436 9.093E+08
  7000. 7.431 12.700 13.138 12.794 12.662 12.321 8.293E+08
  7500. 7.425 12.387 12.799 12.508 12.395 12.107 6.947E+08
  8000. 7.420 12.092 12.498 12.255 12.158 11.917 5.862E+08
  8500. 7.414 11.815 12.238 12.036 11.953 11.751 4.974E+08
  9000. 7.408 11.551 11.998 11.834 11.763 11.599 4.235E+08
  9500. 7.401 11.299 11.780 11.650 11.591 11.460 3.612E+08
 10000. 7.394 11.058 11.581 11.483 11.434 11.333 3.083E+08
 11000. 7.380 10.612 11.237 11.190 11.157 11.106 2.250E+08
 12000. 7.369 10.206 10.945 10.940 10.921 10.913 1.643E+08
 13000. 7.358  9.830 10.688 10.714 10.706 10.734 1.187E+08
 14000. 7.345  9.477 10.451 10.501 10.503 10.563 8.475E+07
 15000. 7.332  9.145 10.233 10.299 10.309 10.395 5.983E+07
 16000. 7.319  8.830 10.033 10.110 10.127 10.234 4.150E+07
 17000. 7.305  8.532  9.854  9.938  9.961 10.088 2.804E+07
 18000. 7.291  8.249  9.696  9.787  9.816  9.958 1.836E+07
 19000. 7.278  7.982  9.559  9.659  9.692  9.849 1.166E+07
 20000. 7.266  7.729  9.448  9.556  9.593  9.763 7.297E+06
 21000. 7.255  7.489  9.370  9.485  9.525  9.703 4.582E+06
 22000. 7.245  7.263  9.319  9.438  9.479  9.661 2.921E+06
 23000. 7.236  7.048  9.265  9.389  9.432  9.618 1.901E+06
 24000. 7.228  6.843  9.197  9.329  9.373  9.565 1.275E+06
 25000. 7.221  6.647  9.118  9.260  9.306  9.504 8.955E+05
 26000. 7.214  6.460  9.035  9.187  9.235  9.440 6.461E+05
 27000. 7.208  6.280  8.954  9.116  9.165  9.377 4.762E+05
 28000. 7.201  6.106  8.876  9.047  9.098  9.316 3.565E+05
 29000. 7.196  5.940  8.801  8.980  9.033  9.256 2.701E+05
 30000. 7.191  5.781  8.731  8.918  8.971  9.200 2.066E+05
 31000. 7.187  5.628  8.663  8.857  8.912  9.146 1.594E+05
 32000. 7.183  5.481  8.597  8.798  8.854  9.093 1.239E+05
 33000. 7.179  5.337  8.531  8.739  8.796  9.039 0.000E+00
 34000. 7.175  5.196  8.464  8.678  8.737  8.985 0.000E+00
 35000. 7.169  5.057  8.396  8.616  8.675  8.928 0.000E+00
 36000. 7.162  4.918  8.324  8.550  8.611  8.868 0.000E+00
 37000. 7.154  4.779  8.249  8.481  8.542  8.804 0.000E+00
 38000. 7.145  4.640  8.170  8.407  8.470  8.737 0.000E+00
 39000. 7.136  4.504  8.088  8.332  8.396  8.668 0.000E+00
 40000. 7.127  4.371  8.004  8.255  8.320  8.597 0.000E+00
 42500. 7.103  4.049  7.794  8.059  8.128  8.415 0.000E+00
 45000. 7.080  3.741  7.500  7.785  7.856  8.153 0.000E+00
 47500. 7.055  3.446  7.311  7.604  7.673  7.964 0.000E+00
 50000. 7.031  3.162  7.205  7.502  7.571  7.862 0.000E+00
 52500. 7.006  2.888  7.108  7.407  7.477  7.770 0.000E+00
 55000. 6.981  2.624  7.013  7.315  7.385  7.679 0.000E+00
 57500. 6.956  2.368  6.918  7.222  7.292  7.588 0.000E+00
 60000. 6.930  2.119  6.822  7.128  7.199  7.496 0.000E+00
