   61  1.0 Mo  Pure-hydrogen grid                Wed Dec 16 08:30:30 2020
 Teff   log g  Mbol   F435W  F555W  F606W  F814W    Age
  1500. 8.642 21.111 22.146 20.016 19.984 22.121 1.221E+10
  1750. 8.642 20.441 21.592 19.501 19.322 20.858 1.213E+10
  2000. 8.642 19.861 21.169 19.122 18.817 19.691 1.203E+10
  2250. 8.642 19.350 20.790 18.820 18.415 18.755 1.192E+10
  2500. 8.642 18.892 20.445 18.558 18.089 18.009 1.177E+10
  2750. 8.642 18.478 20.143 18.334 17.830 17.403 1.158E+10
  3000. 8.642 18.100 19.849 18.118 17.602 16.914 1.141E+10
  3250. 8.641 17.752 19.547 17.904 17.397 16.529 1.127E+10
  3500. 8.641 17.430 19.234 17.686 17.199 16.237 1.112E+10
  3750. 8.641 17.130 18.905 17.457 16.998 16.013 1.096E+10
  4000. 8.641 16.850 18.552 17.213 16.787 15.823 1.078E+10
  4250. 8.641 16.586 18.178 16.958 16.566 15.646 1.055E+10
  4500. 8.641 16.337 17.787 16.689 16.333 15.469 1.030E+10
  4750. 8.640 16.101 17.387 16.411 16.088 15.286 9.965E+09
  5000. 8.640 15.878 16.991 16.129 15.838 15.100 9.533E+09
  5250. 8.639 15.664 16.622 15.860 15.598 14.921 8.901E+09
  5500. 8.638 15.459 16.280 15.607 15.371 14.751 7.911E+09
  6000. 8.636 15.076 15.693 15.169 14.978 14.453 6.077E+09
  6500. 8.635 14.725 15.227 14.814 14.657 14.212 5.237E+09
  7000. 8.633 14.400 14.850 14.515 14.385 14.006 4.573E+09
  7500. 8.633 14.098 14.531 14.251 14.143 13.820 3.994E+09
  8000. 8.632 13.815 14.252 14.011 13.921 13.647 3.490E+09
  8500. 8.631 13.550 14.002 13.790 13.715 13.484 3.051E+09
  9000. 8.630 13.299 13.775 13.583 13.522 13.332 2.664E+09
  9500. 8.629 13.062 13.566 13.389 13.340 13.188 2.321E+09
 10000. 8.628 12.837 13.372 13.206 13.170 13.054 2.015E+09
 10500. 8.627 12.623 13.193 13.037 13.013 12.931 1.747E+09
 11000. 8.626 12.418 13.034 12.888 12.874 12.824 1.506E+09
 11500. 8.625 12.223 12.897 12.761 12.757 12.733 1.296E+09
 12000. 8.624 12.035 12.778 12.653 12.657 12.657 1.108E+09
 12500. 8.623 11.855 12.673 12.559 12.569 12.591 9.551E+08
 13000. 8.622 11.683 12.585 12.481 12.498 12.538 8.432E+08
 13500. 8.621 11.517 12.517 12.422 12.443 12.497 7.613E+08
 14000. 8.620 11.357 12.454 12.368 12.393 12.460 6.898E+08
 14500. 8.619 11.202 12.388 12.312 12.341 12.422 6.268E+08
 15000. 8.618 11.053 12.319 12.255 12.287 12.380 5.707E+08
 15500. 8.618 10.908 12.248 12.197 12.232 12.337 5.209E+08
 16000. 8.617 10.768 12.178 12.140 12.178 12.294 4.766E+08
 16500. 8.616 10.632 12.110 12.085 12.125 12.250 4.371E+08
 17000. 8.615 10.500 12.044 12.032 12.074 12.207 4.018E+08
 20000. 8.610  9.782 11.687 11.742 11.791 11.963 2.515E+08
 25000. 8.602  8.793 11.189 11.323 11.382 11.602 1.250E+08
 30000. 8.594  7.981 10.729 10.927 10.992 11.247 6.163E+07
 35000. 8.585  7.290 10.377 10.615 10.683 10.955 2.609E+07
 40000. 8.576  6.688 10.151 10.410 10.480 10.762 8.206E+06
 45000. 8.568  6.155  9.985 10.256 10.327 10.616 3.088E+06
 50000. 8.560  5.678  9.850 10.131 10.203 10.496 1.766E+06
 55000. 8.552  5.244  9.735 10.023 10.095 10.392 1.198E+06
 60000. 8.544  4.847  9.631  9.925  9.998 10.298 8.791E+05
 65000. 8.537  4.480  9.537  9.836  9.909 10.212 6.765E+05
 70000. 8.529  4.138  9.449  9.752  9.826 10.131 5.348E+05
 75000. 8.521  3.819  9.366  9.673  9.747 10.054 4.291E+05
 80000. 8.513  3.518  9.288  9.597  9.672  9.980 3.464E+05
 85000. 8.504  3.234  9.212  9.524  9.599  9.909 2.801E+05
 90000. 8.496  2.964  9.139  9.454  9.529  9.840 2.260E+05
100000. 8.478  2.462  8.998  9.317  9.393  9.707 1.444E+05
110000. 8.459  2.000  8.863  9.186  9.262  9.578 0.000E+00
120000. 8.439  1.572  8.732  9.057  9.134  9.452 0.000E+00
130000. 8.418  1.172  8.603  8.932  9.009  9.329 0.000E+00
140000. 8.396  0.797  8.478  8.809  8.886  9.208 0.000E+00
150000. 8.374  0.442  8.356  8.689  8.766  9.089 0.000E+00
   72  1.0 Mo  Pure-helium grid                  Wed Dec 16 08:30:30 2020
 Teff   log g  Mbol   F435W  F555W  F606W  F814W    Age
  3250. 8.657 17.791 20.317 18.947 18.393 17.089 8.743E+09
  3500. 8.657 17.469 19.634 18.395 17.901 16.714 8.599E+09
  3750. 8.657 17.169 19.012 17.894 17.455 16.378 8.454E+09
  4000. 8.657 16.889 18.467 17.457 17.064 16.086 8.291E+09
  4250. 8.657 16.625 17.974 17.063 16.712 15.826 8.109E+09
  4500. 8.657 16.377 17.546 16.718 16.401 15.592 7.908E+09
  4750. 8.657 16.142 17.162 16.408 16.120 15.378 7.687E+09
  5000. 8.656 15.919 16.812 16.124 15.863 15.185 7.441E+09
  5250. 8.656 15.707 16.494 15.868 15.630 15.011 7.143E+09
  5500. 8.656 15.504 16.207 15.635 15.418 14.851 6.724E+09
  5750. 8.656 15.310 15.945 15.422 15.223 14.702 6.207E+09
  6000. 8.655 15.124 15.703 15.225 15.042 14.563 5.618E+09
  6250. 8.655 14.946 15.479 15.042 14.874 14.435 5.043E+09
  6500. 8.655 14.775 15.272 14.872 14.719 14.316 4.618E+09
  6750. 8.654 14.610 15.080 14.714 14.573 14.203 4.303E+09
  7000. 8.654 14.451 14.901 14.566 14.436 14.097 4.045E+09
  7500. 8.653 14.150 14.577 14.298 14.186 13.902 3.592E+09
  8000. 8.653 13.869 14.291 14.058 13.963 13.726 3.193E+09
  8500. 8.653 13.605 14.050 13.858 13.777 13.578 2.841E+09
  9000. 8.652 13.355 13.819 13.662 13.593 13.431 2.528E+09
  9500. 8.652 13.119 13.612 13.487 13.428 13.299 2.249E+09
 10000. 8.651 12.895 13.426 13.331 13.282 13.182 1.999E+09
 11000. 8.650 12.479 13.107 13.063 13.030 12.978 1.559E+09
 12000. 8.649 12.098 12.842 12.839 12.820 12.810 1.207E+09
 13000. 8.648 11.748 12.614 12.645 12.637 12.663 9.234E+08
 14000. 8.647 11.423 12.415 12.471 12.473 12.528 7.197E+08
 15000. 8.646 11.121 12.237 12.311 12.321 12.401 6.012E+08
 16000. 8.645 10.838 12.074 12.161 12.177 12.277 5.078E+08
 17000. 8.644 10.573 11.925 12.018 12.040 12.156 4.316E+08
 18000. 8.643 10.322 11.789 11.886 11.912 12.041 3.693E+08
 19000. 8.642 10.085 11.667 11.769 11.799 11.938 3.177E+08
 20000. 8.641  9.859 11.560 11.668 11.702 11.850 2.745E+08
 21000. 8.640  9.645 11.467 11.582 11.619 11.776 2.380E+08
 22000. 8.639  9.440 11.386 11.509 11.549 11.715 2.069E+08
 23000. 8.638  9.245 11.319 11.449 11.491 11.666 1.803E+08
 24000. 8.637  9.057 11.270 11.406 11.450 11.631 1.575E+08
 25000. 8.636  8.877 11.237 11.377 11.422 11.607 1.377E+08
 26000. 8.635  8.704 11.208 11.351 11.396 11.585 1.203E+08
 27000. 8.634  8.538 11.174 11.321 11.368 11.561 1.051E+08
 28000. 8.632  8.377 11.135 11.286 11.335 11.533 9.164E+07
 29000. 8.631  8.222 11.089 11.246 11.296 11.501 7.968E+07
 30000. 8.630  8.072 11.039 11.202 11.254 11.466 6.903E+07
 31000. 8.629  7.926 10.985 11.156 11.209 11.427 5.951E+07
 32000. 8.628  7.785 10.930 11.107 11.163 11.387 5.098E+07
 33000. 8.627  7.649 10.874 11.058 11.115 11.345 4.336E+07
 34000. 8.625  7.516 10.818 11.009 11.067 11.302 3.657E+07
 35000. 8.624  7.387 10.763 10.961 11.020 11.259 3.056E+07
 36000. 8.623  7.262 10.708 10.912 10.972 11.216 2.523E+07
 37000. 8.622  7.140 10.654 10.864 10.925 11.173 2.058E+07
 38000. 8.620  7.021 10.600 10.816 10.878 11.131 1.654E+07
 39000. 8.619  6.905 10.547 10.769 10.831 11.089 1.313E+07
 40000. 8.618  6.792 10.494 10.721 10.785 11.046 1.032E+07
 42500. 8.615  6.520 10.350 10.593 10.659 10.930 5.757E+06
 45000. 8.612  6.265 10.216 10.471 10.540 10.821 3.629E+06
 47500. 8.609  6.023 10.045 10.316 10.389 10.684 2.581E+06
 50000. 8.606  5.794  9.818 10.110 10.184 10.481 1.981E+06
 52500. 8.604  5.576  9.712 10.014 10.087 10.383 1.593E+06
 55000. 8.601  5.367  9.659  9.965 10.038 10.336 1.322E+06
 57500. 8.599  5.168  9.620  9.929 10.002 10.301 1.120E+06
 60000. 8.596  4.977  9.586  9.898  9.971 10.272 9.638E+05
 65000. 8.591  4.617  9.522  9.838  9.912 10.215 7.398E+05
 70000. 8.586  4.282  9.458  9.777  9.851 10.158 5.858E+05
 75000. 8.581  3.970  9.391  9.713  9.787 10.097 4.727E+05
 80000. 8.576  3.677  9.319  9.645  9.720 10.032 3.845E+05
 85000. 8.571  3.401  9.246  9.574  9.650  9.966 3.142E+05
 90000. 8.566  3.140  9.171  9.503  9.579  9.898 2.568E+05
100000. 8.555  2.655  9.020  9.357  9.435  9.761 1.699E+05
110000. 8.543  2.212  8.861  9.203  9.283  9.615 1.066E+05
120000. 8.532  1.805  8.682  9.028  9.108  9.443 0.000E+00
130000. 8.519  1.426  8.504  8.851  8.931  9.265 0.000E+00
140000. 8.507  1.073  8.351  8.697  8.776  9.108 0.000E+00
150000. 8.494  0.743  8.219  8.564  8.643  8.974 0.000E+00
