   43  0.2 Mo  Pure-hydrogen grid                Wed Dec 16 08:30:30 2020
 Teff   log g  Mbol   F435W  F555W  F606W  F814W    Age
  1500. 7.158 19.149 20.612 18.217 17.987 19.624 1.418E+10
  1750. 7.157 18.478 20.059 17.766 17.400 18.348 1.166E+10
  2000. 7.157 17.896 19.599 17.413 16.945 17.314 9.847E+09
  2250. 7.156 17.383 19.204 17.127 16.594 16.497 8.347E+09
  2500. 7.155 16.923 18.828 16.862 16.297 15.822 6.953E+09
  2750. 7.154 16.507 18.494 16.632 16.062 15.289 5.510E+09
  3000. 7.153 16.127 18.165 16.408 15.850 14.880 4.616E+09
  3250. 7.152 15.776 17.828 16.180 15.648 14.578 4.038E+09
  3500. 7.150 15.450 17.479 15.942 15.441 14.350 3.553E+09
  3750. 7.148 15.146 17.115 15.694 15.226 14.159 3.145E+09
  4000. 7.146 14.859 16.717 15.422 14.991 13.972 2.788E+09
  4250. 7.142 14.586 16.266 15.108 14.716 13.762 2.449E+09
  4500. 7.137 14.325 15.798 14.772 14.418 13.537 2.126E+09
  4750. 7.127 14.064 15.336 14.430 14.112 13.302 1.751E+09
  5000. 7.111 13.803 14.885 14.090 13.805 13.064 1.387E+09
  5250. 7.093 13.546 14.466 13.772 13.517 12.838 1.141E+09
  5500. 7.075 13.300 14.094 13.485 13.255 12.633 9.827E+08
  6000. 7.047 12.850 13.478 12.996 12.808 12.284 7.504E+08
  6500. 7.030 12.460 12.993 12.599 12.443 12.000 5.840E+08
  7000. 7.014 12.098 12.578 12.247 12.117 11.742 4.517E+08
  7500. 6.997 11.757 12.207 11.926 11.817 11.502 3.434E+08
  8000. 6.980 11.433 11.868 11.624 11.536 11.277 2.535E+08
  8500. 6.961 11.124 11.549 11.336 11.266 11.061 1.787E+08
  9000. 6.941 10.824 11.246 11.057 11.005 10.853 1.165E+08
  9500. 6.919 10.536 10.960 10.793 10.758 10.658 6.739E+07
 10000. 6.899 10.262 10.705 10.559 10.540 10.487 3.470E+07
 10500. 6.882 10.009 10.498 10.375 10.369 10.356 1.850E+07
 11000. 6.870  9.775 10.342 10.240 10.244 10.262 1.101E+07
 11500. 6.859  9.555 10.215 10.133 10.145 10.185 6.913E+06
 12000. 6.849  9.345 10.085 10.025 10.042 10.102 4.557E+06
 12500. 6.839  9.144  9.962  9.922  9.943 10.019 3.138E+06
 13000. 6.830  8.951  9.848  9.827  9.851  9.939 2.261E+06
 13500. 6.822  8.767  9.741  9.737  9.764  9.864 1.695E+06
 14000. 6.814  8.589  9.641  9.652  9.681  9.791 1.304E+06
 14500. 6.806  8.417  9.546  9.571  9.602  9.721 1.026E+06
 15000. 6.799  8.251  9.455  9.493  9.526  9.653 8.198E+05
 15500. 6.792  8.090  9.368  9.418  9.453  9.587 6.632E+05
 16000. 6.784  7.935  9.285  9.345  9.381  9.523 5.412E+05
 16500. 6.777  7.783  9.204  9.274  9.312  9.461 4.443E+05
 17000. 6.770  7.636  9.126  9.205  9.245  9.399 3.667E+05
 20000. 6.729  6.828  8.697  8.823  8.870  9.058 1.278E+05
 25000. 6.661  5.688  8.070  8.256  8.313  8.544 0.000E+00
 30000. 6.589  4.715  7.464  7.697  7.761  8.026 0.000E+00
   42  0.2 Mo  Pure-helium grid                  Wed Dec 16 08:30:30 2020
 Teff   log g  Mbol   F435W  F555W  F606W  F814W    Age
  3250. 7.163 15.804 18.078 16.743 16.211 14.952 3.882E+09
  3500. 7.162 15.479 17.435 16.224 15.748 14.602 3.397E+09
  3750. 7.161 15.176 16.927 15.803 15.364 14.296 2.992E+09
  4000. 7.159 14.891 16.363 15.357 14.971 14.013 2.640E+09
  4250. 7.156 14.622 15.899 14.984 14.635 13.761 2.334E+09
  4500. 7.154 14.367 15.482 14.647 14.332 13.533 2.063E+09
  4750. 7.150 14.123 15.105 14.342 14.055 13.322 1.810E+09
  5000. 7.145 13.888 14.760 14.060 13.799 13.125 1.571E+09
  5250. 7.140 13.662 14.439 13.799 13.560 12.940 1.350E+09
  5500. 7.132 13.442 14.139 13.552 13.333 12.765 1.149E+09
  5750. 7.124 13.229 13.858 13.320 13.120 12.597 9.793E+08
  6000. 7.116 13.023 13.595 13.102 12.918 12.438 8.449E+08
  6250. 7.109 12.829 13.353 12.901 12.732 12.292 7.442E+08
  6500. 7.103 12.644 13.129 12.715 12.560 12.155 6.600E+08
  6750. 7.098 12.466 12.922 12.541 12.397 12.025 5.862E+08
  7000. 7.091 12.292 12.727 12.376 12.243 11.901 5.200E+08
  7500. 7.078 11.960 12.367 12.072 11.958 11.669 4.054E+08
  8000. 7.064 11.645 12.046 11.799 11.701 11.459 3.101E+08
  8500. 7.049 11.343 11.761 11.557 11.474 11.271 2.298E+08
  9000. 7.031 11.050 11.493 11.328 11.257 11.093 1.619E+08
  9500. 7.011 10.764 11.243 11.113 11.053 10.923 1.050E+08
 10000. 6.990 10.489 11.010 10.912 10.863 10.762 6.067E+07
 11000. 6.962 10.007 10.630 10.583 10.550 10.499 1.873E+07
 12000. 6.945  9.586 10.323 10.317 10.298 10.290 7.338E+06
 13000. 6.932  9.204 10.056 10.081 10.074 10.104 3.472E+06
 14000. 6.920  8.853  9.818  9.866  9.869  9.931 1.912E+06
 15000. 6.909  8.527  9.605  9.669  9.680  9.769 1.175E+06
 16000. 6.900  8.222  9.416  9.491  9.510  9.622 7.718E+05
 17000. 6.891  7.937  9.251  9.336  9.361  9.493 5.271E+05
 18000. 6.882  7.668  9.110  9.204  9.234  9.383 3.679E+05
 19000. 6.874  7.413  8.992  9.095  9.130  9.294 2.613E+05
 20000. 6.867  7.171  8.906  9.017  9.056  9.232 1.886E+05
 21000. 6.859  6.940  8.860  8.975  9.016  9.198 1.382E+05
 22000. 6.851  6.717  8.812  8.932  8.974  9.160 1.028E+05
 23000. 6.842  6.502  8.746  8.874  8.917  9.106 0.000E+00
 24000. 6.833  6.294  8.653  8.793  8.838  9.033 0.000E+00
 25000. 6.823  6.094  8.557  8.708  8.755  8.957 0.000E+00
 26000. 6.814  5.901  8.466  8.627  8.676  8.885 0.000E+00
 27000. 6.805  5.713  8.378  8.549  8.599  8.814 0.000E+00
 28000. 6.796  5.532  8.292  8.472  8.523  8.744 0.000E+00
 29000. 6.786  5.356  8.208  8.396  8.448  8.675 0.000E+00
 30000. 6.777  5.185  8.124  8.320  8.374  8.605 0.000E+00
