   58  0.5 Mo  Pure-hydrogen grid                Wed Dec 16 08:30:30 2020
 Teff   log g  Mbol   F435W  F555W  F606W  F814W    Age
  1500. 7.874 19.945 21.185 18.907 18.793 20.744 1.564E+10
  1750. 7.874 19.275 20.660 18.430 18.169 19.414 1.465E+10
  2000. 7.874 18.694 20.192 18.075 17.686 18.309 1.375E+10
  2250. 7.874 18.183 19.788 17.767 17.297 17.419 1.290E+10
  2500. 7.874 17.724 19.452 17.521 16.999 16.725 1.213E+10
  2750. 7.873 17.310 19.134 17.295 16.754 16.151 1.142E+10
  3000. 7.873 16.932 18.826 17.080 16.541 15.700 1.076E+10
  3250. 7.873 16.583 18.509 16.862 16.341 15.359 1.013E+10
  3500. 7.872 16.260 18.176 16.635 16.141 15.105 9.524E+09
  3750. 7.872 15.959 17.826 16.393 15.931 14.901 8.904E+09
  4000. 7.871 15.677 17.454 16.139 15.711 14.718 8.226E+09
  4250. 7.870 15.411 17.058 15.867 15.475 14.535 7.522E+09
  4500. 7.869 15.159 16.631 15.569 15.214 14.339 6.672E+09
  4750. 7.867 14.919 16.202 15.263 14.943 14.136 5.607E+09
  5000. 7.863 14.687 15.789 14.960 14.673 13.932 4.087E+09
  5250. 7.858 14.463 15.402 14.673 14.415 13.737 2.919E+09
  5500. 7.853 14.249 15.053 14.413 14.181 13.559 2.378E+09
  6000. 7.846 13.854 14.474 13.975 13.785 13.260 1.862E+09
  6500. 7.842 13.495 14.015 13.614 13.457 13.012 1.515E+09
  7000. 7.838 13.164 13.635 13.302 13.172 12.794 1.258E+09
  7500. 7.835 12.857 13.306 13.023 12.914 12.593 1.058E+09
  8000. 7.832 12.569 13.013 12.768 12.677 12.407 9.008E+08
  8500. 7.829 12.298 12.748 12.531 12.456 12.234 7.731E+08
  9000. 7.826 12.043 12.504 12.308 12.249 12.073 6.677E+08
  9500. 7.823 11.800 12.279 12.099 12.055 11.922 5.795E+08
 10000. 7.820 11.570 12.071 11.906 11.876 11.784 5.051E+08
 10500. 7.817 11.350 11.886 11.734 11.717 11.665 4.416E+08
 11000. 7.813 11.139 11.728 11.591 11.585 11.565 3.871E+08
 11500. 7.810 10.938 11.596 11.473 11.476 11.485 3.402E+08
 12000. 7.807 10.746 11.492 11.381 11.392 11.424 2.994E+08
 12500. 7.804 10.561 11.406 11.308 11.325 11.375 2.638E+08
 13000. 7.801 10.383 11.322 11.238 11.260 11.326 2.324E+08
 13500. 7.798 10.212 11.232 11.164 11.190 11.271 2.046E+08
 14000. 7.795 10.047 11.142 11.091 11.120 11.214 1.801E+08
 14500. 7.793  9.888 11.056 11.021 11.053 11.159 1.585E+08
 15000. 7.790  9.734 10.974 10.955 10.989 11.104 1.395E+08
 15500. 7.787  9.584 10.896 10.891 10.927 11.051 1.226E+08
 16000. 7.784  9.439 10.821 10.830 10.867 10.999 1.075E+08
 16500. 7.781  9.298 10.749 10.770 10.808 10.948 9.422E+07
 17000. 7.778  9.161 10.679 10.711 10.751 10.898 8.249E+07
 20000. 7.760  8.410 10.298 10.386 10.434 10.616 3.828E+07
 25000. 7.728  7.361  9.751  9.909  9.967 10.194 1.508E+07
 30000. 7.695  6.486  9.238  9.450  9.515  9.776 8.001E+06
 35000. 7.660  5.729  8.812  9.060  9.128  9.405 4.759E+06
 40000. 7.622  5.055  8.509  8.776  8.845  9.131 2.917E+06
 45000. 7.582  4.442  8.260  8.538  8.608  8.900 1.737E+06
 50000. 7.538  3.874  8.031  8.318  8.389  8.684 9.441E+05
 55000. 7.492  3.346  7.817  8.110  8.182  8.480 4.471E+05
 60000. 7.449  2.861  7.622  7.920  7.992  8.293 1.872E+05
 65000. 7.412  2.420  7.449  7.752  7.825  8.127 0.000E+00
 70000. 7.383  2.026  7.304  7.610  7.683  7.988 0.000E+00
 75000. 7.323  1.578  7.088  7.397  7.470  7.776 0.000E+00
 80000. 7.251  1.116  6.840  7.152  7.226  7.533 0.000E+00
 85000. 7.175  0.663  6.588  6.902  6.977  7.285 0.000E+00
 90000. 7.096  0.216  6.329  6.646  6.720  7.030 0.000E+00
100000. 6.929 -0.658  5.797  6.118  6.193  6.504 0.000E+00
110000. 6.754 -1.509  5.250  5.574  5.650  5.964 0.000E+00
120000. 6.573 -2.338  4.694  5.021  5.097  5.414 0.000E+00
   69  0.5 Mo  Pure-helium grid                  Wed Dec 16 08:30:30 2020
 Teff   log g  Mbol   F435W  F555W  F606W  F814W    Age
  3250. 7.886 16.616 19.017 17.672 17.130 15.848 8.597E+09
  3500. 7.886 16.294 18.343 17.128 16.646 15.481 8.060E+09
  3750. 7.886 15.994 17.748 16.651 16.220 15.162 7.541E+09
  4000. 7.885 15.713 17.233 16.235 15.847 14.879 7.023E+09
  4250. 7.885 15.448 16.755 15.852 15.504 14.624 6.509E+09
  4500. 7.884 15.199 16.335 15.511 15.196 14.392 5.983E+09
  4750. 7.884 14.963 15.951 15.203 14.919 14.186 5.468E+09
  5000. 7.883 14.738 15.609 14.927 14.668 13.997 4.889E+09
  5250. 7.882 14.523 15.299 14.674 14.437 13.820 4.058E+09
  5500. 7.880 14.316 15.012 14.440 14.223 13.657 3.093E+09
  5750. 7.878 14.118 14.748 14.224 14.025 13.504 2.509E+09
  6000. 7.876 13.928 14.503 14.023 13.841 13.363 2.108E+09
  6250. 7.874 13.747 14.277 13.837 13.669 13.229 1.844E+09
  6500. 7.873 13.573 14.066 13.663 13.509 13.105 1.656E+09
  6750. 7.872 13.406 13.871 13.501 13.359 12.989 1.504E+09
  7000. 7.871 13.245 13.689 13.350 13.219 12.879 1.372E+09
  7500. 7.869 12.941 13.359 13.073 12.961 12.675 1.150E+09
  8000. 7.866 12.655 13.067 12.828 12.731 12.492 9.746E+08
  8500. 7.864 12.386 12.816 12.618 12.535 12.335 8.328E+08
  9000. 7.862 12.132 12.584 12.422 12.351 12.188 7.166E+08
  9500. 7.860 11.892 12.375 12.247 12.188 12.058 6.202E+08
 10000. 7.857 11.663 12.188 12.091 12.041 11.941 5.395E+08
 11000. 7.852 11.237 11.863 11.817 11.784 11.733 4.132E+08
 12000. 7.848 10.847 11.589 11.584 11.565 11.556 3.206E+08
 13000. 7.844 10.489 11.352 11.380 11.372 11.399 2.504E+08
 14000. 7.839 10.157 11.141 11.192 11.194 11.251 1.957E+08
 15000. 7.835  9.848 10.949 11.017 11.026 11.109 1.531E+08
 16000. 7.832  9.557 10.774 10.852 10.868 10.972 1.194E+08
 17000. 7.827  9.284 10.616 10.702 10.723 10.844 9.271E+07
 18000. 7.823  9.025 10.477 10.569 10.595 10.730 7.181E+07
 19000. 7.819  8.779 10.356 10.454 10.485 10.633 5.580E+07
 20000. 7.814  8.545 10.251 10.357 10.392 10.552 4.382E+07
 21000. 7.809  8.321 10.165 10.279 10.317 10.488 3.497E+07
 22000. 7.805  8.108 10.105 10.225 10.265 10.443 2.844E+07
 23000. 7.800  7.903 10.064 10.188 10.230 10.412 2.356E+07
 24000. 7.795  7.706 10.026 10.154 10.197 10.383 1.986E+07
 25000. 7.791  7.517  9.975 10.109 10.153 10.344 1.701E+07
 26000. 7.786  7.335  9.913 10.054 10.100 10.297 1.474E+07
 27000. 7.781  7.159  9.843  9.993 10.041 10.246 1.290E+07
 28000. 7.776  6.989  9.771  9.930  9.980 10.192 1.139E+07
 29000. 7.771  6.824  9.699  9.866  9.918 10.137 1.012E+07
 30000. 7.766  6.664  9.628  9.803  9.856 10.081 9.034E+06
 31000. 7.761  6.509  9.558  9.741  9.796 10.025 8.109E+06
 32000. 7.756  6.359  9.489  9.680  9.735  9.970 7.306E+06
 33000. 7.751  6.212  9.421  9.619  9.675  9.915 6.607E+06
 34000. 7.746  6.070  9.354  9.558  9.616  9.860 5.994E+06
 35000. 7.741  5.931  9.287  9.498  9.557  9.805 5.451E+06
 36000. 7.735  5.795  9.221  9.438  9.498  9.751 4.965E+06
 37000. 7.730  5.663  9.155  9.377  9.438  9.696 4.530E+06
 38000. 7.724  5.533  9.089  9.317  9.379  9.641 4.136E+06
 39000. 7.719  5.407  9.022  9.255  9.318  9.585 3.776E+06
 40000. 7.713  5.283  8.953  9.193  9.257  9.528 3.448E+06
 42500. 7.699  4.984  8.779  9.033  9.100  9.381 2.748E+06
 45000. 7.685  4.700  8.570  8.842  8.913  9.209 2.176E+06
 47500. 7.670  4.427  8.297  8.589  8.660  8.955 1.702E+06
 50000. 7.654  4.165  8.175  8.473  8.543  8.836 1.308E+06
 52500. 7.638  3.912  8.095  8.396  8.467  8.761 9.802E+05
 55000. 7.621  3.669  8.022  8.326  8.397  8.693 7.140E+05
 57500. 7.605  3.436  7.953  8.259  8.330  8.627 5.083E+05
 60000. 7.590  3.212  7.886  8.194  8.266  8.564 3.532E+05
 65000. 7.562  2.795  7.756  8.068  8.140  8.441 1.580E+05
 70000. 7.539  2.417  7.636  7.952  8.025  8.329 0.000E+00
 75000. 7.524  2.079  7.530  7.850  7.923  8.231 0.000E+00
 80000. 7.487  1.707  7.372  7.695  7.769  8.081 0.000E+00
 85000. 7.439  1.324  7.185  7.511  7.586  7.901 0.000E+00
 90000. 7.391  0.955  6.999  7.328  7.404  7.722 0.000E+00
100000. 7.291  0.247  6.619  6.953  7.031  7.356 0.000E+00
110000. 7.187 -0.426  6.224  6.564  6.642  6.972 0.000E+00
120000. 7.081 -1.070  5.801  6.143  6.222  6.551 0.000E+00
